-5.644299621276533951e-01
-8.528831960354131825e-01
1.037316896576132352e+00
-1.039101080475072436e+00
8.864853784310078311e-01
1.431301967253881813e+00
-1.503690962835483980e+00
7.130302656411291462e-01
-2.375368846406527013e-01
4.856312813076311130e-01
-2.307880169252559455e+00
-1.183779751410476866e+00
-1.207577547249149008e+00
8.378562279459541573e-01
-1.098429775378430673e+00
-1.195589305570496474e+00
-1.389036484972011598e+00
1.051895786042666980e+00
-9.981389041637084292e-01
-1.030404908818070453e+00
-7.136150824148379535e-02
-6.127098736062481787e-01
-2.244731739368307499e-01
-4.502084519896758508e-01
1.046013441558179213e+00
6.271683056633359232e-01
1.047375618182813772e+00
6.906543907147812966e-01
-1.178452025207061604e+00
9.137901549414962910e-01
-1.601065858431423461e+00
-8.424093486307342449e-01
1.038246693106661844e+00
-6.502418771756508509e-01
-1.545017943299277441e+00
-1.799995089616340582e+00
-1.042995371303814256e+00
7.889950909446801219e-01
-6.269825011982586016e-01
-7.946536363888243581e-01
-1.419471214356773814e+00
-1.237267097101141022e+00
-1.389446571548148990e+00
-1.185303965984120911e+00
4.774572245947383831e-01
1.018444109566721600e+00
-1.040441864348919720e+00
-6.839350692172185830e-01
4.741479043814359473e-01
-1.092075492883611831e+00
8.849124764064060233e-01
-1.709189914933669563e+00
-2.017696049328470131e+00
-1.057210674075178547e+00
-1.159069930911353241e+00
-9.693529982855151328e-01
-9.827504664733895945e-01
-1.208961626536046774e+00
3.008568532490276670e-01
-5.527526279803538500e-01
-8.008692625644389107e-01
1.122113491755678982e+00
-5.274969060392915576e-01
-1.706406866916618803e-01
1.034980069006385284e+00
-8.446192091056068385e-01
1.703045988057412252e-01
-9.507499619425968662e-01
2.674166602568628370e-02
1.092116010862743236e+00
-9.975849903499623972e-01
-1.141129495836339602e+00
-1.375745132611543520e+00
-1.130640515854302253e+00
4.898978649174922095e-01
-1.344886303497716762e+00
-4.959008934975612792e-01
-8.237133452260736455e-01
-1.348900368047750042e+00
-1.143447782519174449e+00
-1.134317213248080103e+00
-1.055810568209140543e+00
-7.191062329271291631e-01
1.880548180356433230e+00
-5.410553500678919603e-01
-1.098252704551023307e+00
-1.101332936553530040e+00
-7.588587466129719239e-01
-1.234109538783263238e+00
8.816355092031404883e-01
1.287528648186160751e+00
-1.264508872834820608e+00
5.716089765560747882e-01
-1.067972943878122694e+00
-5.672337871724408842e-01
-8.981109916366568635e-01
6.353935544288076276e-01
1.370953032944168815e-01
-1.344097455807095942e+00
-5.512336716482544308e-01
-1.529339498088849503e+00
6.271423247243828047e-01
-7.796229529307528994e-01
-1.302843126853724609e+00
-1.381437739085445982e+00
-7.391044174209717710e-01
-7.218544153544147468e-01
-1.056527285969406815e+00
-1.529867777807962792e+00
-1.065355861679490257e+00
-1.058400966560762324e+00
-2.473550805792188445e-01
-6.307818932655624433e-01
-1.145261617726876180e+00
-3.540674004450765633e-01
-1.313425208521665777e+00
-1.208746995081845910e+00
-9.642259795379786169e-01
-1.272257267960514637e+00
-9.839844615660193750e-01
8.825115235942841974e-01
-7.300388320329169733e-01
-1.014368872430986279e+00
-7.656759438887551505e-01
-8.563289064030513709e-01
-2.928335837835959188e-01
5.837542545796254867e-01
-6.681530945816926970e-01
-4.132435156255934716e-01
-7.602121401130683687e-01
-7.409230731761304867e-01
-1.095499533656246083e+00
-1.508002987392209393e+00
7.063735103842669893e-01
1.350286224577575966e+00
-1.259261718675080965e+00
-9.852960060992209668e-01
4.082134658858472820e-01
8.197251527186308895e-01
-1.127301398951892519e+00
-5.480508425508627823e-01
1.392815246601276646e+00
-1.088127938042587228e+00
-2.906294580987567322e-01
-6.431540363840606567e-01
1.010425878547633882e+00
-8.702205150935261591e-01
-8.945882114774282856e-01
-1.245303162310498424e+00
-1.307654074858799476e+00
7.056651833482856517e-01
-1.313670603913512203e+00
-1.961745225409965210e+00
-1.478734030397045762e+00
-9.130315135974236274e-01
-1.263250175696362110e+00
-1.151364087264994174e+00
-5.596967767288743012e-01
-1.612085688436202702e+00
-8.343604830481061718e-01
-5.002033965987848774e-01
-8.596696059809673107e-01
1.241089875621926630e+00
-9.650701600540467773e-01
-4.364136086080958599e-01
-1.240140297408059755e+00
-1.157136434455714458e+00
-6.237391636441631526e-01
-1.330744348108219954e+00
-4.386151636749563432e-01
-6.128041876692444934e-01
-8.895183741867984661e-01
1.104457813747903971e+00
-8.916034001350979787e-01
-6.896643757110623163e-01
-1.276519001922737262e+00
-9.229926260447357533e-01
1.160424187427771869e+00
-1.235562463572705605e+00
7.217885228430722666e-01
-6.484780409873269758e-01
-1.051928298723798338e+00
-1.484813281023267706e+00
-1.296784231361004291e+00
-1.052884725348432138e+00
-1.139672747808013975e+00
-1.090925087276830574e+00
-1.067894688344026566e+00
-6.910389805628356363e-01
-1.306225096096812699e+00
-9.557501262273949694e-01
-4.273509158498680627e-01
-6.907618959441057527e-01
1.464824604542252162e+00
6.453327239021264816e-01
9.884477547471949288e-01
-6.251111284598813711e-01
9.332766193871802063e-01
8.370139602682897806e-01
-1.515350560464396423e+00
-1.303546067242790540e+00
-4.474653724471263638e-01
-4.949503373242821747e-01
-6.671355843698767440e-01
-1.576310630409585967e+00
-1.361539083667174355e+00
-1.380583326993627846e+00
-1.642422635627466487e+00
-1.067251795394229097e+00
-1.060295409482368445e+00
-1.450991151864056583e+00
-1.472312555324347683e+00
1.252021114567343218e+00
-9.606192727834202971e-01
1.286370793778353505e+00
-9.109255353143967948e-01
-9.379326036906499020e-01
-1.528823445499285949e+00
-7.284064409183107491e-01
-8.161779854697468473e-01
-1.341362979316740756e+00
-1.467929290358580330e+00
-8.650451616798225940e-01
6.528993864681262860e-01
-1.257124429768898377e+00
-6.693575147888182197e-01
1.104619961266308792e+00
-9.045758102851869653e-01
-9.431235900573826658e-01
-1.562467971526104282e+00
-1.049548794959430209e+00
-9.832057283152991767e-01
-1.325903957255025079e+00
-5.883803546984627264e-01
1.155200835489354372e+00
-1.222830833816233254e+00
-2.066610066929030154e+00
-8.455233244750971489e-01
-8.338110342361768623e-01
-1.392591459839777723e+00
-9.912492717504571837e-01
1.025504294248420267e+00
-1.512806206214531102e+00
-1.578564266929134208e+00
-1.515053770911584552e+00
-7.233324861697952857e-01
1.053588219110355828e+00
-5.096081729093759893e-01
-1.065141597136910256e+00
-2.356882177920668342e-01
-9.296460809849386164e-01
-9.582366148556462626e-01
-1.865840809548087842e+00
1.069479291684694022e+00
-1.505105504004010442e+00
8.431197802071951353e-01
-5.305451875126959704e-01
1.327104067870456872e+00
1.209561623453375478e+00
3.503491989410303376e-01
-1.190915913109148683e+00
8.345556950404835472e-01
-1.000047003420315272e+00
6.671192292352083886e-01
4.491226027774871676e-01
-9.368215515440577734e-01
-5.090179134688046503e-01
3.440839669815354274e-01
-1.208226593949257133e+00
-1.255996242344845637e+00
-1.572754007342448634e+00
1.488028015315815855e+00
-1.499862505731709872e+00
-6.578449766030789458e-01
-9.874461815926636188e-01
-3.195018464973938821e-01
-8.060166227967926478e-01
-1.611422497799250175e+00
-1.141001969615969225e+00
-7.355996969243188133e-01
5.253612709433108652e-01
-9.517618833410488310e-01
1.384950418975159137e+00
5.526478878830436425e-01
5.099770505358913741e-01
-6.968903143745710516e-01
1.762509974899537646e+00
-7.501538953645633390e-01
1.330923374305891027e+00
-1.729393263460567098e+00
-1.117648766927073600e+00
-1.256224892455703790e+00
1.857385933865384864e+00
-1.525927611418265162e+00
1.021708042168926411e+00
1.587125657211198693e+00
-1.358651983166672572e+00
-9.359890272894467733e-01
-1.214983755894530670e+00
-1.276360815598542198e+00
-5.866922171270503306e-01
-6.300574906628999550e-01
-1.209141140718119845e+00
1.447880343660524538e+00
1.429913493546018266e+00
1.285315650875391347e+00
-8.395176326607649564e-01
-1.384042192520170689e-01
-1.334528291470185257e+00
-5.583677214551204804e-01
8.926413595226869724e-01
-8.864659059066808400e-01
-1.275825981994940239e+00
9.485847136522931322e-01
-5.271663553727429230e-01
-1.112619928836281025e+00
8.357460928503199771e-01
-7.393812425284085332e-01
1.188129557714697970e+00
-1.688926940155434764e+00
6.096774719140736210e-01
1.287741301237578240e+00
4.586701834183729565e-01
1.106313698835228232e+00
-1.770550873470408071e+00
-9.462306841495516929e-01
-1.320086551952613707e+00
1.301258082877412070e+00
-1.507020502140981044e+00
-1.155972480998022744e+00
1.073804966386564086e+00
-4.525323531869382965e-01
1.050331725155454254e+00
-9.314191755661702654e-01
-1.935308649775501877e+00
-1.240756467046626677e+00
2.260866583822019882e-01
-1.011866953510294209e+00
1.114642329006176880e-02
9.645425975425054865e-01
-1.127223357808922355e+00
1.337522456199258691e+00
-9.321435235506498884e-01
-1.589510367301866456e+00
-2.527648519261868065e-01
5.633438209684639153e-01
1.364317428740659421e+00
-1.574770108343120256e+00
1.645472174845952651e+00
1.861478381429734208e+00
-5.522784754269229879e-01
-7.556763250731903803e-01
1.084174300193713858e+00
-8.584665658544357036e-01
1.429995072244804044e+00
-1.358958376759857423e+00
-9.889061689185375537e-01
-1.484639766280156703e+00
-7.823076102005720456e-01
6.279609308556186598e-01
-8.558926872001113573e-01
-1.210659391525420681e+00
1.165445448426833064e+00
-5.180343268707867654e-01
-1.476345306069886121e+00
-8.271650377580606062e-01
-5.239304746486168618e-01
-1.162027598807614082e+00
3.714221224517928466e-01
-7.717465955512992082e-01
-1.223564614252699467e+00
-1.160266511718441418e+00
-1.661151318294039392e+00
-4.190854930786859223e-01
-1.264549462958548975e+00
1.065839395993704031e+00
-9.224596379745526598e-01
-1.286413255134087663e+00
-5.811823530806944360e-01
-1.868490918962424363e+00
-9.539390667302679594e-01
-8.309868432245137715e-01
5.549140997031782874e-01
-1.034826983335963790e+00
-8.683716386014483923e-01
-1.182145840451035879e+00
-1.132184369109361155e+00
7.236119475331725948e-01
-1.264623374041453641e+00
-7.004511154508354931e-01
-8.129281392334993805e-01
-3.897181168574691545e-01
-8.010101074028360690e-01
8.191384027207744278e-01
-5.559282758796717516e-01
-8.421781672278098041e-01
1.232677695987851152e+00
-1.993572781276598871e+00
-1.051916699553464785e+00
-9.018088671386326194e-01
-6.366330095695860170e-01
1.210297071019962978e+00
-6.697638101003008382e-01
-9.456225273075321569e-01
9.563536453130109249e-01
-1.381371487149757549e+00
1.161481680373182890e+00
-1.658140499342130258e+00
-9.273229544806311786e-01
1.470876440037299115e+00
1.456666253171878589e+00
-1.020581977056765233e+00
-1.221339580674911884e+00
1.080422733371913191e+00
1.571761022153209009e+00
1.618802858964534686e+00
-1.493511645226013318e+00
-1.259469526108390580e+00
-1.055660340161501676e+00
1.786944923143534147e-01
-9.670103827794137574e-01
-8.498394550772776501e-01
-3.560780759346083846e-01
-9.193432526478413358e-01
-1.017171736204332211e+00
-1.735458414414091433e+00
-1.188735381955806636e+00
-1.577075853997190968e+00
-1.809329139035888101e+00
-1.224093671815727591e+00
-6.958056586158483103e-01
1.333841364411544772e+00
-9.986442741308989568e-01
7.246097410236016501e-01
1.254352294233409548e+00
9.447526509306076736e-01
-6.899518806090458867e-01
1.479437105909654493e+00
8.448257476615714801e-01
-4.914672823719755668e-01
-1.890546120591721113e+00
-3.179906442650506371e-01
-8.519384564386685010e-01
-8.491811464584831937e-01
1.269326080586546945e+00
-1.285978779741444811e+00
-8.325855645977678909e-01
-8.576825913039507476e-01
-1.259220516027165893e+00
-3.755248130627101277e-01
-4.982537119156816852e-01
-1.278618093645308207e+00
7.021770972083641871e-01
1.170497821142340911e+00
-3.597605782924335749e-01
-5.770930179160129736e-01
-1.437359442359003481e+00
-7.285908962065446026e-01
-9.562820493619281770e-01
5.210870926885913246e-01
-7.085895767537129242e-01
-2.095389386783526042e-01
-1.502608484222335505e+00
-3.629444420661047666e-01
-1.291116611679425930e+00
1.480282570384247709e+00
-8.557042226940254626e-01
-1.431603632573700491e+00
-8.170104360369290220e-01
-8.136464085364701893e-01
-1.349946127182226174e+00
8.608412431153679156e-01
-8.900456248718455754e-01
-1.538925075536650144e+00
-5.081830883459717008e-01
9.784171855055501243e-01
-2.537445945540546255e-01
6.578910071994842346e-01
-1.337763738682283154e+00
-7.697978075447101665e-01
-8.098336835219113183e-01
-1.919461205582869479e+00
-8.803397594509830837e-01
-1.348763754113533997e+00
-1.180094133656796940e+00
-1.504101377693358277e+00
9.492647912674831989e-01
-1.282206451464243724e+00
1.184964547789395528e+00
-4.662126603406936409e-01
-4.711653605609354978e-01
-1.367454450282740375e+00
-1.543456751573410557e+00
-7.245927677281938095e-01
-3.403351978639869158e-01
-1.674012352911623314e+00
-9.024282519371545908e-01
-1.011139558945165051e+00
-1.127255338925414963e+00
-1.029306130010824605e+00
-1.129578918015521571e+00
-9.486715066464308510e-01
-1.584089928826463822e+00
-8.075197008872616600e-01
1.232779422199221209e+00
1.346386266415853017e+00
-1.177451716703826312e+00
-1.336554351444773081e+00
-2.041637993883228530e-01
-4.280779264501380910e-01
-1.247537502996620473e+00
4.101306486514108007e-01
-1.157279785065168154e+00
-7.126027383750820343e-01
-1.485710852253559366e+00
4.853613071973689186e-01
-1.085263289004132492e+00
-5.605364382561559555e-01
-6.984728631550751743e-03
6.010336968089375898e-01
1.122597446404916433e+00
1.168841558521952040e+00
-1.233626413086731821e+00
-9.817337099586060933e-01
1.015688078059565624e+00
1.499922358151120738e+00
-1.178423637001893010e+00
-1.047885276865807347e+00
-1.183726427575149565e+00
-6.964068442468898112e-01
1.082625041571276370e+00
-1.321598880287660371e+00
-2.209934466635577355e+00
-7.555867362026195133e-01
3.546394450121391761e-01
-7.148570612521971679e-01
1.195038744382240781e+00
-1.413707851918204916e+00
8.531945652188211993e-01
4.152530030749926881e-01
-6.256035919396116807e-01
-4.068817191863012273e-01
-1.501577388548351877e+00
-8.624720137007921839e-01
-6.566258855240991732e-01
-6.920270307527141007e-01
7.835637878719892147e-01
-1.687164696041779433e+00
4.399838237282543973e-01
-8.689296345993740012e-01
5.294323457142289246e-01
-3.521066174963133344e-01
7.899653324428075329e-01
-7.573882012282528997e-01
1.275678815639167407e+00
8.774234368763258463e-01
1.082831693999414258e+00
-6.452293307065739558e-01
-7.391418011666280874e-01
-1.196191623168240792e+00
1.604363049573831468e-01
-1.124357472752166132e+00
-1.105836755887639189e+00
-7.013031173190622525e-01
-1.010712642137685302e+00
-4.747896176960854087e-01
-7.704592489675616829e-01
-5.334028662371815832e-01
-7.360927817430782394e-01
-8.120355313542495512e-01
-7.502879733724410194e-01
-1.366383740565187077e+00
-3.876917519263343159e-01
-9.974195047116855006e-01
-6.605579047389307235e-01
-9.967500759579531744e-01
-6.840184617620377328e-01
-5.429950222533479476e-01
1.721247464100169156e+00
8.650629126359798970e-01
-9.721387241785095501e-01
-8.700523682849818918e-01
1.013136627465073047e+00
-5.898365986709896980e-01
-1.477128141839544551e+00
-1.472820610818198706e+00
1.056524586217727490e+00
-2.798577205845783622e-01
-1.291218414711096329e+00
8.099743295032557633e-01
-1.278965642949322579e+00
1.618314292767399021e+00
-1.839753069782105621e+00
-1.326189801443298455e+00
-5.023827819520871873e-01
9.591719484701708431e-01
-6.179056815961365690e-01
-7.685341942877027543e-01
-9.040806849871032558e-01
-4.096514467231445744e-01
-1.505688857602176300e+00
-2.821427536557734594e-01
-1.095901940968911914e+00
-1.618215208328974697e-01
-1.081976003101266626e+00
-4.984604136513549610e-01
-2.373177459962247937e-01
-1.326057849668850874e+00
-9.288361041153204711e-01
-1.104093622346147718e+00
6.671853442586341831e-01
8.158067198342330295e-01
-7.864121225193787534e-01
-1.120858999937232259e+00
-4.564313923250714611e-01
7.236845990042983789e-01
-1.028678994937053170e+00
-3.784293796035833601e-01
-9.722583946701871538e-01
9.635760585637503928e-01
1.418659890849000460e+00
-1.003832148032822058e+00
-1.278572705689625000e+00
-1.338365244059652071e+00
1.111976570446416179e+00
8.862772012556129342e-01
7.153790587498642939e-01
-1.379619262581249117e+00
-1.048237733397411553e+00
-8.112711864984766263e-01
-1.182648228926064249e+00
-2.279523823382636039e+00
6.612056091130098512e-01
-5.602602361830897326e-01
-1.815503916853653976e+00
1.096776201931271899e+00
-3.992205792998698710e-01
-6.733503732549301901e-01
-3.288813634714427003e-01
-1.206925706318282110e+00
1.671531258598080161e+00
-1.203897396377030304e+00
-1.200255606364784899e+00
-7.645696451254583303e-01
-1.176053406451649685e+00
9.714338997474594173e-01
-1.638311815014902084e+00
-1.272240523450237859e+00
5.831186047753891266e-01
-8.637969951974640015e-01
9.942780803762973907e-01
-1.651302686803937991e+00
-7.784678687370054639e-01
7.587843306470366533e-01
-5.370978263061898517e-01
-8.194393143091399656e-01
-8.401148050650317778e-01
-5.344333197070003649e-01
-1.236746220859001433e+00
1.236569397531438685e+00
-8.974996334601101911e-01
1.076070994046324003e+00
-8.867128936279756735e-01
-6.868898987531082412e-01
-7.708407000117573071e-01
-6.550154970246424568e-01
-8.420884885907180539e-01
-1.448149765162111802e+00
-9.655221986944972912e-01
1.235042916967425963e-01
-7.449646574020548639e-01
-1.577693041162004040e+00
-7.547047579250864002e-01
-1.148864254459527112e+00
-1.345299085344287437e+00
-1.470050798666056036e+00
-9.295477741604307731e-01
-5.927061314761060684e-01
-1.742521282787485193e+00
-1.048567250228700676e+00
-2.000029199017819836e-01
-6.973770898388450545e-01
-1.522915041440711104e+00
-1.101458507325598690e+00
-6.067948643162153211e-01
1.270496288548368158e+00
1.678998167830711763e+00
-7.465698515426959503e-01
-9.675319788767485774e-01
1.176063931447285604e+00
-1.285523569541177968e+00
6.980950570725088511e-01
-1.324829124143356962e+00
-4.919288165827501169e-01
8.326508465707571638e-01
-6.745941804599749902e-01
-3.675329461920940899e-01
-3.839223900956467705e-01
-1.158189941843212445e+00
-6.221206694904890533e-01
-7.872976006919651937e-01
-6.987478533943634051e-01
-1.541808488150466117e+00
-5.519337656684153437e-01
7.690616247470627442e-01
-1.044066879086255062e+00
-1.131148664029609119e+00
-8.015006245376834482e-01
1.192357446988028036e+00
-3.694332759469972638e-01
-2.116501562474078391e+00
-7.097363873354545216e-01
-6.595262968121002878e-01
-1.114335042220751859e+00
-1.265049529686792074e+00
-1.207968563535826156e+00
-2.275324284775338768e+00
-1.727674742562819388e+00
-1.258632902429622558e+00
-1.675580372813014307e+00
-6.101141354427250807e-01
-2.874856501258203911e-01
-5.684492342879712279e-01
-5.849850180892430807e-01
1.346970433722710192e+00
-1.560029489481582488e+00
-1.297805179148596721e+00
-1.961472242099846719e+00
-1.221433559756553988e+00
-5.033061819320978625e-01
1.541167416482404073e+00
-1.245839330862845040e+00
8.668434623120084837e-01
4.930018043346470202e-01
1.193869697256457085e+00
9.135227570090127536e-01
8.127918058345685592e-01
-1.671267046453094096e+00
-1.719360484637948661e+00
-5.015152900427856109e-01
-8.758084877005176683e-01
1.223585772749950618e+00
1.004841031327348810e+00
-1.358414741609324627e+00
-1.068696009011642856e+00
-1.002098220359434189e+00
-1.690417139973412919e+00
-8.992394012911949508e-01
-1.933235525437484004e+00
-8.508717744289706619e-01
-1.164160757495048992e+00
1.239989546519661978e+00
7.221718223678714743e-01
-5.608733750768675197e-01
-1.255118403044990893e+00
-4.558511705834961125e-01
-1.430611469107896827e+00
-8.436451104646868204e-01
1.480942264411594156e+00
-8.740978265922068058e-01
1.645719849918855449e+00
3.744163453970833499e-01
-1.062190799027744159e+00
1.386794562915739881e+00
-3.910016915786316272e-01
-1.709657080227527048e+00
-1.213220180198067766e+00
-9.070787869400898096e-01
-8.656500720095418044e-01
-8.073070940401271267e-01
-7.119735165935989762e-01
-6.380464672999208720e-01
-8.452070786002926495e-01
6.915139003304426879e-03
1.396496493764297631e+00
6.668207299090274098e-01
-9.121776588577577005e-01
-1.315895887814192200e+00
-1.416051119792083091e+00
9.673803623432547516e-01
-5.401645541099227010e-01
-6.508949292801522457e-01
-1.050238361913739649e+00
-8.173141776540652215e-01
-9.769737384865555541e-01
6.033157528577592910e-01
1.285676600869361863e+00
1.108183593659069155e+00
-1.382496618817081080e+00
-1.500789227906157208e+00
-1.025815918421980832e+00
-8.017667150217606675e-01
-1.655311152305008360e+00
-3.167317136906321329e-01
-8.164200082935215708e-01
9.467421717268882375e-01
-9.684293078424841550e-01
-1.006199104569025282e+00
6.379700754302626287e-01
-2.285340278053199503e-01
1.538830946925973109e+00
7.873815686092267008e-01
-1.226352076371472588e+00
-1.716139328726193902e+00
-7.829634450169327131e-01
-9.132697571109618107e-01
-1.327023749981183887e+00
-8.466053639069583969e-01
8.571073063857859164e-01
-8.019691260474238748e-01
-5.512081188018349565e-01
-6.323617664701253194e-01
-1.205297217932222109e+00
1.236854943003838914e+00
-9.868099807017615133e-01
-6.812839889593049758e-01
7.702429187291331969e-01
8.795551165336075172e-01
-5.810155416288236285e-01
4.922799262974412171e-01
-1.596486713271457969e+00
-1.679640236410660847e+00
-9.556703962856870627e-01
3.764839366338503801e-01
-8.320981916941693202e-01
1.016156547027428081e+00
3.466627156338876192e-01
-1.032935458962750186e+00
-1.078825589643658933e+00
9.660174587622258890e-01
-8.125666477204263050e-01
1.810626738096736243e+00
1.323662153118597029e+00
-1.329650570918632813e+00
-1.448535628562908961e+00
-1.091411096123104718e+00
5.708614902315536366e-01
6.780266945840283110e-01
-1.683096199950590899e+00
-9.877978548241164169e-01
-1.239880851142917351e+00
-1.763851778110086865e+00
-6.959808154566833327e-01
-2.353558532325513708e-01
-9.771756985391060191e-01
-1.486173556405566920e+00
9.272586614826678897e-01
-1.307304547638263426e+00
-1.458646892480308876e+00
-7.517593349117648316e-01
-1.340462565151806285e+00
-1.056568257902382069e+00
9.874074199935475304e-01
6.099657064989323363e-01
1.141995021986457859e+00
-6.303368655547106902e-01
-1.030090504987303701e+00
-1.996782912991201364e+00
-3.200188497878155847e-01
-6.879459452356893046e-01
-1.694090057845843766e+00
-4.737375782201083130e-01
1.113133247960823802e+00
1.392230970095366338e+00
1.573932099657013195e+00
-1.248209335091638117e+00
7.720971617420758770e-01
-9.748628271558992253e-01
1.108936377111534588e+00
-1.132241567117399317e+00
-4.839761025679859552e-01
9.794281984965458321e-01
4.712015044923550944e-01
-8.942123713865295365e-01
-2.585946603857052217e-01
-8.628368248445824618e-01
-1.293680154015114603e+00
-7.054258285880250501e-01
-8.554039579888750300e-01
-8.154786913038902796e-01
-6.652542037919211282e-01
-1.239573047160793973e+00
-1.267397690479506345e+00
-7.708774109636523653e-01
-7.961421508941644021e-01
-2.405878712694409671e+00
-1.179950478403309910e+00
-1.317111091790314159e+00
-1.214745036177617754e+00
-5.568622447740050330e-01
-8.800122336720124228e-01
8.086943102826259500e-01
-4.462885279901218638e-02
-4.690514007511722427e-01
-9.001140246992102023e-01
6.566257236928529917e-02
8.443856621272373131e-01
-1.361297338182956285e+00
3.749838227137864965e-01
-1.283367499859787486e+00
-7.443144587783332433e-01
-1.457704031962181013e+00
-1.021249226995901038e+00
-1.507858338023898792e+00
-7.878776376566456463e-01
-1.065553691957405125e+00
-9.259187617344943888e-01
-8.326366021425468666e-01
9.559466140392527400e-01
-1.254810853173639051e+00
-8.591625636142390388e-01
8.393467723776555367e-01
-1.366289742001076224e+00
1.316660707094412519e+00
-3.553907304752528251e-01
-7.096735434352925420e-01
-6.577806913340216166e-01
-4.197022309408429130e-01
-4.369020910275035474e-01
-4.576484113154488664e-01
-8.590452645816658572e-01
-7.919746521540567130e-01
-8.963675028961818336e-01
1.292103324423085731e+00
-7.545949270430744038e-01
1.522365177357822397e+00
-9.407253781197054687e-01
-2.148187525452442959e-01
-4.695974041186211645e-01
-1.615136361833283463e+00
-5.154970737067835485e-01
-1.054211893037326986e+00
-8.258154031197991740e-01
-9.391423683055063476e-01
-1.251160616304638706e+00
-1.070365670788754109e+00
-1.166848371735346390e+00
-8.318992716991354675e-01
-1.072359223784177251e+00
-1.093486493953177652e+00
-1.053269913475631370e+00
-5.778701428705035337e-01
-4.496745626330597156e-01
4.145838710297561347e-01
-1.519393361044720336e+00
-1.269094690970861361e+00
-1.100148758203156607e+00
-1.137459359256384639e+00
-1.073403295432680871e+00
-1.984735927263613586e+00
-1.395181800582997234e+00
-1.769093024570686623e+00
-8.120625760702592233e-01
-1.099537295137990256e+00
-4.263807611234896600e-01
-6.337412499329720950e-01
1.506032595410174757e+00
-1.447860982854840550e-01
-1.173941043043681187e+00
8.327166076404184381e-01
-7.508887821206878810e-01
-8.859290959892407447e-01
-1.023296219660083661e+00
1.809225883586393913e+00
-1.404488973278652519e+00
-8.937290681166749629e-01
-2.266595816835899058e-01
-4.869350371086907936e-01
6.916591152323361413e-01
1.107820505854194781e+00
-3.685451872058127520e-01
6.546638869573202513e-01
-8.556780175722740189e-01
-7.255780130296245467e-01
-1.154259914798261288e+00
-1.546839881868060651e+00
-1.611620419643920110e+00
-6.110953682465971593e-01
1.001830718669416420e+00
-1.225191101656901038e+00
-1.128449372923843397e+00
4.675680330756253333e-01
-1.437565093547505501e+00
2.277917115422176675e-01
-9.684862466382972990e-01
-9.994290664128564483e-01
-8.356895807732205306e-01
8.075375722002356982e-01
7.956170630043403191e-01
-4.982481484658005666e-01
-1.682893978421612591e+00
1.133379963025151538e+00
-9.536403136295377170e-01
-9.998289931120023510e-01
-9.752368296182646334e-01
1.500737432370674584e+00
9.308285685560937495e-01
-6.384219365438330573e-01
-1.504255495241952012e+00
-6.723907209551156505e-01
1.438059678276227382e+00
1.379069648254347857e+00
-1.003559444008544910e+00
-9.396087628389218072e-01
7.438630721048283823e-01
1.683354289393302228e+00
-7.731513709166421000e-01
-9.840545261574183966e-01
-1.504894501825873920e+00
-1.648717108556385202e+00
-9.788075854245564811e-01
-8.267466435846888562e-01
-9.497182283533063263e-01
-7.421065134106390460e-01
-1.094595352620322481e+00
-5.358712981973979828e-01
-8.805218112011844456e-01
-1.409876357785599499e+00
-1.250096011238414295e+00
-1.239945556559037598e+00
1.205062501915250550e-01
9.059399096072533464e-01
-2.515815614144165657e-01
-8.940575929840769431e-01
1.300872625995726839e+00
-9.627621720880001899e-01
-7.770162119277069790e-01
6.004587615544347834e-01
-6.921348967627358739e-01
-7.558485964604174656e-01
-1.457470221077221462e+00
-4.283909643999957995e-01
-1.178056574954565505e+00
-1.651558856908816875e+00
-9.283290336031866374e-01
4.679510902891376167e-01
-7.265703198083821590e-01
-1.219297153357168151e+00
-9.623380863638402172e-01
-1.005040696393283195e+00
5.209582450595542369e-01
-5.552749192356616348e-01
-3.247944088245597882e-01
-1.179127041958693667e+00
9.855608126108892364e-01
-1.529531448728790988e+00
-1.538370565080388941e+00
-1.655807233464717809e+00
-1.447677728027274124e+00
-1.453965003535200751e+00
-1.718605003524382502e+00
-9.156722262590343275e-01
-4.030172949431531926e-01
-1.084801431436325458e+00
1.074070919993461937e+00
-1.644015545550912005e+00
1.024299649827311809e+00
-1.756021203530635511e+00
-1.382652773495383736e+00
-1.155771386697792558e+00
-1.319511779127035433e+00
-9.137834446821864187e-01
-9.359979208071292911e-01
-1.561043166906539215e+00
1.523791063162740489e+00
-1.473839706633070179e+00
-1.134621057490664109e+00
-1.161165195846425302e+00
-1.009291081318618666e+00
-1.777104318536497196e+00
-7.474992910951869796e-01
5.824173707086098828e-01
-6.645308507756844119e-01
-1.312365639483121571e+00
-1.682294849559848426e+00
-7.499654617676463353e-01
-1.437688197665913936e+00
-1.034487383093279922e+00
-1.021884311026980408e+00
-9.208147798173098586e-01
-1.675336644297908961e+00
-4.425150012399893251e-01
1.175283090985772105e+00
-6.567989350588907538e-01
3.990938679946199885e-01
-8.442756599275054175e-01
4.945387669289467159e-01
-1.601007500865202937e+00
-5.562546715440355172e-01
-6.998399594864483930e-01
-5.459820692566925704e-01
-1.056308547911273710e+00
-9.545594080756889532e-01
-1.714596960821113125e+00
-8.980939572350465916e-01
-9.498472521626166731e-01
-1.094131469701572934e+00
-7.176317591014560460e-01
-1.855954276289821792e+00
-7.531606780671815660e-01
-1.171084951464257840e+00
-1.367353746628096722e+00
-1.234984584987854683e+00
-6.421225191816197775e-01
-9.882939271585278185e-01
-1.589317459470146243e+00
-9.318954396242820071e-01
-9.298234270334096996e-01
9.344624531914706989e-01
-7.721547404492210553e-01
-7.807300323036763245e-01
1.200785540293848097e+00
-1.178724935946755537e+00
-8.289495343604109667e-01
-1.185683716916084318e+00
1.243217793554069361e+00
1.218369398362474376e+00
1.151865012416795953e+00
-6.406160289760207682e-01
-3.640550068436416709e-01
1.079327846409675384e+00
1.104470980001559521e+00
-1.031117485530895772e+00
-4.276293580434724628e-01
-1.636956011607197281e+00
-1.257809331339471370e+00
-8.496740396629662850e-01
-9.705096813802994715e-01
-8.282141617441054482e-01
-1.022788739622142229e+00
-8.014992245605052634e-01
-1.147954460972879565e+00
-8.808088887709240034e-01
-1.369154813673520543e+00
7.966394317171414663e-01
-1.089533825530589972e+00
-1.014347096911700108e+00
-1.322128306221491023e+00
-8.961271890418691655e-01
-7.219220506727530573e-01
-3.867159021695316667e-01
-1.130103694644936319e+00
-1.566967635162990202e+00
-8.511840905753943476e-01
-1.538070491171626086e+00
7.679205648473442780e-01
-1.330805617335598212e+00
-8.897636784197238136e-01
-1.347955359752668558e+00
-1.095490117682438314e+00
-1.283959900594345616e+00
1.131703927366338958e+00
-7.883678114675862769e-01
9.199310211023570272e-01
-4.582802128115643914e-01
-7.470875810110348958e-01
6.772620029872813419e-01
-1.225822840364521049e+00
-1.041256548078702604e+00
-9.575345046178410646e-01
-1.007301927568432509e+00
-1.389997420051168886e+00
-1.236990921316043712e+00
8.890438918073684249e-01
-1.510674029295821619e+00
1.393356266787997066e+00
1.194774896867506264e+00
-4.830155478474803532e-01
1.982404291216181891e+00
-2.139865952892230361e+00
-1.657674301867915201e-01
1.342503728135352903e+00
-6.765510474312237399e-01
9.815137074181089494e-01
1.525905208444747085e+00
-6.112983495961941127e-01
8.086729997427821726e-01
-1.038592026928388368e+00
-1.113470188657884163e+00
-7.748303748936269386e-01
1.455734781278373413e+00
2.206591482098820833e-01
-7.729538002643148165e-01
-1.388200013331475802e+00
-4.327345434798768320e-01
1.221023099065504658e+00
-1.305013580645523419e+00
-1.379630413775834175e+00
-6.425320268027896464e-01
-1.277795916909486351e+00
1.531706324311787881e+00
-8.193974649305915126e-01
-1.373593790804831682e+00
-1.588870398886321311e+00
-9.026901328008769543e-01
-7.099894494832461600e-01
-9.912003544376580821e-01
1.677920645214477702e+00
9.985897069686119343e-01
-8.709417348196706321e-01
-8.823346081795662155e-01
-1.630236322989274012e+00
-1.662707511130974813e+00
-7.523805878504336020e-01
-1.167749780962274331e+00
-6.981932015872132080e-01
-1.137032352153440229e+00
-7.010597078578046926e-01
4.187517425179959618e-01
-1.720425382508420142e+00
-5.774376660303557340e-01
-1.701081604406726289e+00
7.504421468489564928e-01
-5.529529004260818059e-01
3.609381300318194041e-01
1.043396777214211868e+00
-1.237969279650885657e+00
-9.094278115851155420e-01
-9.311843111685417229e-01
-1.412003098813722435e+00
-1.693703309605266050e+00
-1.435033447557948705e+00
-6.409724024970288037e-01
-1.982242185279174951e+00
-7.556100176915385713e-01
-1.366239183543428215e+00
-1.322002212590790204e+00
-8.630706794257529957e-01
-5.133819102377554788e-01
-1.098362364704088323e+00
-1.032542809034142861e+00
-1.143262007081303322e+00
-1.107704791281970635e+00
-2.906438685746095540e-01
-5.843892968470270066e-01
9.617131467292971969e-01
1.021762376436567976e+00
-1.579150859264936368e+00
-5.108476519008138261e-01
1.326579958343919952e+00
-9.173352530330411980e-01
-6.379619654019805797e-01
1.288635002331607105e+00
-1.284617647464383783e+00
-9.944058418307469838e-01
-1.573705961359712635e+00
-1.209456485096573441e+00
-1.594769460426390673e+00
9.118744145231256759e-01
-1.224884928614700552e+00
-6.343597680263812766e-01
-2.354642306018881470e-01
-3.845714765927552570e-01
1.176980448367810350e+00
-8.594906831482518328e-01
1.561188299652629174e+00
3.653698189385010675e-01
-9.350406134972193417e-01
-1.010605250279747125e+00
1.118417255979135660e+00
5.850225585587266464e-01
-1.027501306305972584e+00
1.170013922588508670e+00
-1.894708052204017612e+00
-1.796820844290035302e+00
8.870658299769023092e-01
-1.497412821163011554e+00
-6.940122301460620591e-01
-4.173961940087546063e-01
-1.219144300758101984e+00
-1.047330069090327109e+00
4.918521167371897596e-01
-7.884511759996968294e-01
-2.576794571963243463e-01
1.452464756437832127e+00
-5.912324486503810483e-01
-1.014886527918964054e+00
-1.659388488029201802e+00
-1.503872796033127068e+00
1.036180100193202502e+00
-1.051872006083553135e+00
-9.303292107547522782e-01
-1.076471496153652341e+00
-8.211070237340061251e-01
1.035025220781359723e+00
-1.661891303416498378e+00
-7.968683675759308249e-01
-1.008858636815940235e+00
1.493302639551859379e+00
-1.351528171991855487e+00
-1.107027146297726361e+00
-8.910138281613466660e-01
-1.215578408938030153e+00
6.400702997660926430e-01
1.198799845160788635e+00
-1.376020629595443578e+00
-1.399018369639660531e+00
-8.392330718417151392e-01
-1.667940031937896528e+00
-1.714297675317043357e+00
-1.351222362236426999e+00
-1.366139808538646472e+00
-1.215050130554146568e+00
-1.142261621193160215e+00
-1.091750847525395196e+00
-7.307341403756748566e-01
-8.165978131178708299e-01
-6.327910465572179621e-01
-8.403323347564521928e-01
-1.064226758854860400e+00
-7.338403253971772511e-01
-6.920181710668776853e-01
1.016648228142553512e+00
-5.294609070181057753e-01
7.596356841056290943e-01
-5.179342413022314240e-02
-4.916423913234712062e-01
8.348431074513850136e-01
5.936974085206063734e-01
-8.453083234713947292e-01
-1.545099337280287699e+00
-7.594385444584454969e-01
1.181909784478674563e+00
-2.672662558599809834e-01
-6.014935772378957601e-01
-1.443373857707072494e+00
-1.320353435860881497e+00
1.355160628836527881e+00
-8.697901066989326413e-01
1.289658518294208189e+00
-7.363112133920177715e-01
-9.399976957562417024e-01
-4.029628525999826572e-01
8.147024737875827594e-01
-1.317556023040335367e+00
-1.315573827368561100e+00
-1.341305879665346090e+00
6.585655732359503300e-01
-1.064874343475236129e+00
-2.002275318744239474e+00
-1.480848265569370215e+00
-4.040450960838980476e-01
-1.301466740515788922e+00
1.420903323311297317e+00
1.079796457506932983e+00
-1.146498148795821681e+00
-1.117856164519332784e+00
1.356445391648847032e+00
1.205369173379686298e+00
-8.914978676270530755e-01
-8.098301152124462998e-01
-1.179497194195244791e+00
-1.575160542935380104e+00
-7.449205731113184292e-01
4.332009743893457943e-01
7.279490979259042316e-01
-1.212076286321547958e+00
-1.093322868360283806e+00
-1.308630868340980857e+00
-1.469888758413311125e+00
-1.156452753410379897e+00
-2.890706500703597026e-01
-1.161097566006611403e+00
-1.021373052525603287e+00
-1.107296022977436900e+00
-1.200026877999263997e+00
-1.394486980105403173e+00
-1.345841894789919335e+00
3.276580382183299500e-01
-2.329769610842370442e-01
-8.808587853101235154e-01
-8.827169655764877110e-01
-1.456245408588309864e+00
-1.131509246051074946e+00
6.155347289399335509e-01
-1.288398335202344258e+00
1.262832236077327419e+00
8.284487576063414016e-01
-8.626392933321844758e-01
-1.509420213930965815e+00
-1.022539527195374331e+00
1.319771205712532591e+00
-1.729610029782304492e+00
1.084971996647151160e+00
-1.525365678549767789e+00
-7.244373410249232981e-01
1.207226451527282585e+00
-8.633134558917727741e-01
-1.277398471728710572e+00
-7.315977156841216855e-01
-1.373948343238501568e+00
-3.332659782227326284e-01
-6.536257010393169420e-01
1.416858997372427043e+00
1.088985554558247637e+00
-1.341605138710334710e+00
-7.135157129249687369e-01
-6.345590071365589946e-01
-1.100304481102122756e+00
-1.026115246090147926e+00
-1.269959589320258431e+00
1.011567904399018225e+00
-1.333784152158597136e+00
-9.917585757142640679e-01
-1.393784677553626672e+00
-8.102283577899739297e-01
-1.025331440935406846e+00
-1.276080530585985695e+00
-6.469848249145024877e-01
-1.397323832691118373e+00
-1.070268947018403471e+00
-1.423051721431206618e+00
-1.275108247524422422e+00
-1.269417501898024048e+00
-1.294844033807419859e+00
-8.971837931021199308e-01
-4.032376577874076107e-01
-1.606996342092186225e+00
-1.004197668980579605e+00
-7.294339059023966509e-01
-1.114232481112151563e+00
-3.563302319352135150e-01
-5.686768156590724654e-01
1.181540372335847966e+00
-4.659761584812288637e-01
4.240606266826251192e-01
-8.822097652652481914e-01
-7.307601690854858001e-01
1.575655922010241294e+00
-9.340635539650578023e-01
1.108891577766677461e-01
-9.453921893203811599e-01
-1.758341486668097309e+00
-7.779503923946162747e-01
-1.045679478038585852e+00
-1.499686011011925446e+00
-1.184170884027846427e+00
2.080216731716092227e+00
-1.775674309727693245e+00
-8.923659585276798589e-01
-1.323348258600289373e+00
-1.148426138346523739e+00
9.718192538562518967e-01
1.246464869869854608e+00
8.090189944934541577e-01
-2.601708741832396976e-01
-7.829168104969490560e-01
-7.472998697539343649e-01
-1.012596153854105951e+00
-7.081148159716871282e-01
-1.342088816260306183e+00
9.228436768677296120e-01
-8.154508548175336546e-01
-1.448634484117483634e+00
-4.686604925853848913e-01
-1.030506591248046888e+00
1.420708295165841628e+00
-3.631938797745967173e-01
-1.050736162994350575e+00
1.256088693355253527e+00
-1.491223844607162841e+00
-5.415178570225241961e-01
-4.252381441277999219e-01
-1.260643162522821159e+00
9.341299239240448138e-01
-1.037231340702357008e+00
-1.033536887279176808e+00
-1.264281683456620398e+00
-8.645145404389840138e-01
8.646940016798412287e-01
-6.738017425707066854e-01
-1.022286600108696319e+00
-9.832324849535503120e-01
1.204085861190297813e+00
-2.930345918225136792e-01
-1.295954857981945096e+00
-8.654005273585685387e-01
1.083269926159928120e+00
1.088103118998381635e+00
9.190356488598473428e-01
-1.443327047260084317e+00
-1.205909883922554382e+00
-1.079494722858797218e+00
-1.274979679330274784e+00
1.290580678496392908e+00
-7.509377000673203018e-01
-6.346403642948916790e-01
1.228364462381480227e+00
-1.348060671010503198e+00
1.339702281540413153e+00
-7.979480293759694254e-01
-1.550721143145068925e+00
-1.307165797863726331e+00
-7.007872928994554051e-01
-1.163755272393379059e+00
-1.295113932043416183e+00
6.199258732454648868e-01
1.099555688169578271e+00
-1.463798377007461626e+00
1.001367280486424871e+00
-1.550921059479644093e+00
-1.251802002512688361e+00
-3.712592073185685404e-01
-9.415916410237080703e-01
-3.073460438276769402e-01
-4.363250076077840323e-01
-1.141588682768856389e+00
-6.660992047080815937e-01
-1.063623523563044015e+00
9.865279045383145151e-01
-5.668033241913332798e-01
-9.136902029619775600e-01
-1.114974951287381666e+00
-1.022712054537119331e+00
4.409090205769436999e-01
-1.585713612403059081e+00
1.632478488078317191e+00
-1.038544213926316795e+00
8.857205066535337457e-01
1.468000442176864206e+00
-5.072155995232352499e-01
-3.238952041929041847e-01
-1.465303231999162570e+00
1.523504067120513117e+00
-1.241604403506140208e+00
-5.824823497535297490e-01
-1.618692591013499049e+00
-1.699781992714987311e+00
-1.323406101793727085e+00
-7.071303364028838079e-01
-1.111601913229754546e+00
-1.140225582539607485e+00
1.051857910142693697e+00
-1.377808621983821924e+00
-9.096316919223996766e-01
1.001704434370021213e+00
-1.362344256401271325e+00
-1.382364883143085033e+00
-6.158741822779951747e-01
1.102515074129943651e+00
-7.736286430337308007e-01
-1.620416317877967138e+00
-1.298542377721067620e+00
1.095678404432230080e+00
-7.313733163259935610e-01
-9.528655486620336568e-01
1.471358106283733314e-01
8.414079037186527055e-01
-4.723391283795354001e-01
-1.410465443698072363e+00
-8.402738863175375217e-01
-1.445639358785788531e+00
-2.849897701608308243e-01
-1.302330851956793323e+00
-1.146660225994406757e+00
1.151906585980648323e+00
-7.957397004890326420e-01
-8.936589230629681246e-01
-1.313109644841104595e+00
-9.824357140003702193e-01
-9.906809062389552167e-01
-5.662275556754270411e-01
-8.115963933243918182e-01
-5.106901868207689432e-01
-8.855515024186618733e-01
-7.889603890344650816e-01
1.211789555891246373e+00
-9.202754624502942349e-01
-8.615135406082015113e-01
-1.016794023128005264e+00
-4.354336326860906992e-01
-6.882143502297333182e-01
2.516308041917748595e-01
-1.224373790769176296e+00
-7.986597254462333151e-01
-9.339848913416712861e-01
-1.333379040781093261e+00
-4.713041238701261015e-01
-8.292858951343108354e-01
-1.214375112703847570e+00
-1.256368393293102903e+00
-7.525957869847677006e-01
-1.328730487162063323e+00
-7.674753136940503095e-01
-8.099851949276553054e-01
-6.624664519734327905e-01
-1.132888053609435230e+00
-1.323078309849160306e+00
-1.092074444077516082e+00
-2.447548012186674393e-01
-1.135153038976555839e+00
-1.351093466389345465e+00
-5.408899236081745610e-01
-1.470841559634701090e+00
-5.555108768176835188e-01
8.685534186101887544e-01
1.081484371678336442e+00
-1.500954464375152897e+00
-1.084003120769213346e+00
-1.346773828484501223e+00
1.576022992674623424e+00
-9.420833732676405781e-01
-1.155865039014951634e+00
-1.178782194786186510e+00
-8.392457132662970443e-01
3.896020979924962324e-01
6.898321027217491075e-01
6.355105248926471440e-01
-1.525227345502443654e+00
-1.331402947861239472e+00
-1.902621858645852315e+00
-4.395040961936329538e-01
-9.834775168728122630e-01
-1.339137748731394240e+00
-8.509902554927011309e-01
-9.594677367053243700e-01
1.335266870005503037e+00
-8.870237035244998847e-01
-1.613409291465209838e-01
-8.760660883670345900e-01
-9.330372699464725139e-01
-6.433066959055606659e-01
-1.039586320812510234e+00
-9.536942088250416338e-01
-5.238318970113423623e-01
-8.782972477824433355e-01
-9.952934970387613545e-01
1.688903306065839161e+00
-2.702509216897927002e-01
6.362467690184532287e-01
-9.613226459124022405e-01
-1.305923995294856921e+00
-2.692555189768075508e-01
1.247634282482750878e+00
-1.643242344938639743e+00
4.210604802557497139e-01
-2.318633921627855088e-01
9.935287247295937485e-01
-9.033614264321802034e-01
-1.190373484349894095e+00
3.894735940751274939e-01
-1.060559036819164636e+00
-1.261772580248313957e+00
-8.888899554107589918e-01
-5.039701272747934002e-01
-1.258725704280759361e+00
7.575435551477545104e-01
-6.135034545144579798e-01
-6.287222094809397088e-01
-5.954881955913238212e-01
1.044666765261706542e+00
-1.246375517285946533e+00
7.929494628017476066e-01
-1.217823850201048330e+00
9.765438878343689622e-01
-1.167281152693190549e+00
-8.579769545678144205e-01
-3.587460729004031679e-01
-1.346099736588150853e+00
6.842728274915774733e-01
1.153436577151478293e+00
-6.758476337678753776e-01
-1.167923562758284461e+00
7.171533883882252880e-01
-1.627395266085799763e+00
-1.548756367127977152e+00
-1.527129694984684871e+00
-1.420325064792409053e+00
-1.088273940894579184e+00
-9.636151590163406500e-01
-1.141211087419413683e+00
-1.077229566098488744e+00
1.380930268437865927e+00
-1.223012028251446726e+00
6.670075389991347858e-01
-1.472179418068328527e+00
7.144179047561416418e-01
-1.721959439383468737e+00
-8.877456646860563128e-01
-1.735656248834658522e+00
-9.428508828493118443e-01
-1.419991296480822562e+00
6.610103223340801915e-01
-7.024621060207061340e-01
-5.908011880029842011e-01
-1.420288574137083204e+00
-8.078544780092975497e-01
-1.289325315185011256e+00
-1.739569616534881291e+00
-9.833554878547021705e-01
-9.784661693238841940e-01
7.735500615569618210e-01
-5.603992939493680492e-01
-1.417800453848747644e+00
1.103219585660188518e+00
-5.149885613205482660e-01
-1.404514245647220605e+00
-1.395157723238939385e+00
7.112044895005373846e-01
-1.441383253376260276e+00
-1.359554975214255723e+00
-8.215796954766222404e-01
-1.160344213236597977e+00
6.765826937605964320e-01
-7.967607422980044207e-01
-8.605213378620389930e-01
-4.048505626738280183e-01
-1.613802315354669226e+00
1.124887073823064743e+00
5.877106334508788166e-01
-1.029728162055173479e+00
-6.968235003949510009e-01
-7.720958932708599232e-01
-9.398899324938110311e-01
-1.401834379412596476e+00
-2.864993924797660796e-01
1.276928292793051201e+00
-8.300905234290072432e-01
-9.804349460451144971e-02
-1.179764840028274531e+00
1.358107647009406449e+00
-1.021460053705449234e+00
9.306493230649854898e-01
-1.028494917583473001e+00
-1.585939831888989238e+00
-1.152184432969540762e+00
-8.312052449857794123e-01
-4.467978171027523482e-01
-1.836048758188054464e+00
-7.735953137318636319e-01
-8.914757174787459881e-01
-1.223881140151075630e+00
-7.536266218769271941e-01
-6.743841617155661439e-01
-1.101297011333321807e+00
-8.600733531252316988e-01
1.140808005531474212e+00
1.134237821463047746e+00
-1.157063468640406656e+00
-2.602211531715498127e-01
-7.242970154909089686e-01
-7.544758867131478031e-01
-8.845223439837766044e-01
-6.782853272407884937e-01
-4.948478438309550365e-01
-6.926942273015674889e-01
-1.144101265728312722e+00
-1.073054892952171047e+00
-7.253552125523070604e-01
-1.203617871746657908e+00
-1.867947736457389318e+00
-7.860485590208601270e-01
-1.134966029548201805e+00
-1.416084140254250334e+00
-7.742589844412316458e-01
1.190037132445889601e+00
-1.679916528094253181e+00
-1.346615573746012151e+00
-1.719726973176326279e+00
-1.922707528824668888e+00
-5.731395674885941816e-02
-3.938015804985612878e-01
6.101061885955649799e-01
-1.182202241941807674e+00
1.555022830868774797e+00
4.285784540200575643e-01
-4.822288317677068115e-01
-1.113779830944221505e+00
-1.522636522549064342e+00
5.861012927382096560e-01
-4.530921287612987847e-02
-5.119505416331171510e-01
-7.448302412079377266e-01
-9.791924436936568776e-01
-4.254577551301147453e-01
-6.853225153188866603e-01
-8.950889630127774055e-01
-1.379473399788103016e+00
-1.747329747263180799e+00
1.114869745288329383e+00
-8.575767354908513385e-01
-1.274417518270544614e+00
-1.128795387855208832e+00
-1.121924776687954539e+00
-1.436928951270960875e+00
-9.118127250035201747e-01
-9.148606967479311347e-02
1.480774147427365239e+00
-2.885742283097629812e-01
-8.408747529160589540e-01
-1.437810779751528933e+00
-4.196493592560096575e-01
1.347360065992820877e+00
-1.130997709881483848e+00
1.139231862331857803e+00
7.811181235163199288e-01
-6.941019631321680983e-01
-8.979196418530677182e-02
-3.555716489699433103e-01
-9.118482043181154184e-01
-1.535038164018135864e+00
-6.144955511088074918e-01
-6.710794785344771363e-01
-9.477562180571248440e-01
-1.025518056770931885e+00
1.215954729653783151e+00
-1.608835474090100082e+00
-1.760279605491935850e+00
-1.458288351008411476e+00
-1.091990318240288138e+00
-1.342805252863980447e+00
-9.227393742330054494e-01
-9.710246118334887599e-01
-5.788291779411766091e-01
-6.938224008075000171e-02
-5.256673448746858046e-01
-8.683702477713355350e-01
-4.943426647606958824e-01
-1.558100238112429592e+00
-1.136214665025850890e+00
8.219862011085814490e-01
-7.986584891666475006e-01
-8.344275536312782959e-01
-1.137056365122704582e+00
9.477157173535764034e-01
-1.111470098932578310e+00
-1.226425253544294769e+00
1.284122782033390253e+00
-8.371579135105158276e-01
1.673799210077108857e+00
1.385426226584686171e+00
7.200922723578104812e-01
7.096597689239136919e-02
7.931711274706290116e-01
-1.749537954116337168e+00
-6.588694130276731009e-01
1.272542313644035250e+00
-1.096685162883373366e+00
-4.108335902487519897e-01
-5.807197832313213404e-01
-1.519885188985895308e+00
-8.154143989221572797e-01
-1.797822481330565880e+00
-7.409221925117613905e-01
-1.563002514755189587e+00
-6.746901888443385120e-01
1.027782403890524332e+00
-1.326368343285511342e+00
7.565507764975514249e-01
1.662964642400407200e+00
-1.193641206901643104e+00
-3.861241955933062409e-01
7.264937257730885722e-01
-3.724369928270001573e-01
-9.052459730240135505e-01
1.142016892562389918e+00
1.409184107971311217e+00
1.471985251441461751e+00
7.371468576351198898e-01
-1.477231952746228982e+00
-1.090159400991868921e+00
9.951694026298254503e-01
-8.482300820925852136e-01
-7.538325032619789257e-01
-1.336569866507456350e+00
-9.681381289272000812e-01
-7.402868236957491632e-01
-1.199666957726163385e+00
-7.678719663736288670e-01
2.158760591345527224e+00
-8.160786882729050840e-01
1.337861498674443705e+00
5.102922735701660439e-01
-9.173455724849015613e-01
-1.299480735786589625e+00
-1.406524195801977406e+00
1.363236533117682558e+00
1.207611583708404490e+00
-1.368310652708054409e+00
-7.287897261527020998e-01
-7.537174388430476490e-01
-9.584975891113843849e-01
-8.161109453784614054e-01
-8.321102508303918066e-01
1.914259860629254462e+00
-1.002669224759203725e+00
-1.311175100517466996e+00
-6.865306611835970685e-01
-4.094240874000538710e-01
-8.114077727337857260e-01
1.022045342349463981e+00
-3.389240026159274777e-01
-1.429810556158642054e+00
8.147657008403504930e-01
1.284542700907340684e+00
-1.260763573864657427e+00
-7.337719368814530352e-01
-1.173922288023020677e+00
1.524901940286752300e+00
-1.129621362734759771e+00
-1.561288887950146087e+00
-1.258595200734176522e+00
-3.020832545865330676e-01
-8.895782026143672638e-01
-5.984227674524467133e-01
-8.400091293927424152e-01
-9.803578458967215914e-01
-7.498760218708477865e-01
-1.242390935528029372e+00
-5.795539997177485692e-01
-8.951822519813079637e-01
-1.285828086007980486e+00
-8.361116538854354019e-01
-6.817938142591321027e-01
6.821560690517889380e-01
-8.757752574628759890e-01
-1.594594106140426071e+00
-1.731929989148450977e+00
-1.131692909829126403e+00
-8.784599373741150963e-01
-1.425077077137943515e+00
-8.984918532643393352e-01
-1.370471974683044269e+00
-1.501119761104520389e+00
-1.293646575675068799e+00
-8.556345963051554815e-01
7.275982547542663159e-01
-1.432948910488446082e+00
1.118691267402043499e+00
-2.023769913209969573e-01
-6.056782910805598164e-01
1.253074982535728132e+00
-1.728449012493650461e+00
2.013033213703268487e+00
-4.139811039180077978e-01
1.559027994243289417e+00
-9.005383779816008571e-01
-9.678507365323962830e-01
1.162179360747543688e+00
-9.020243388743155455e-01
-1.157882229330989832e+00
-1.315001757687369821e+00
1.250330211695292348e+00
-7.011272025236465755e-01
-1.062368435085021101e+00
-1.212936279560520747e+00
-8.064480683748089795e-01
-1.906047711222768726e+00
-1.329408452295870458e+00
-1.074875330536336770e+00
-1.191586011736314621e+00
1.411616165263362310e+00
-6.174481183897866376e-01
-6.300679437242493464e-01
1.765553855203182865e+00
-1.299300530425632205e+00
-8.823020543173687447e-01
-6.004463326856572802e-01
7.360496635381299502e-01
-1.072490607467125434e+00
-1.024045309502769285e+00
-4.357366138143481393e-01
1.387096104362176563e+00
1.045844506423581954e+00
-7.311127386304765441e-01
-1.251371666808407390e+00
-9.821608871148540532e-01
-1.886107043369150027e+00
-1.228840613657254055e+00
-6.835163716667380651e-01
-5.920293365774382810e-01
1.101977626799155896e+00
-1.057202771736979630e+00
-5.570725854514897435e-01
-1.095457980660166752e+00
-5.689252433652824958e-01
-1.677548803585860782e+00
-9.746989048895539076e-01
-1.773627779924815240e+00
-7.725031424325234930e-01
8.393247482319150521e-01
-1.350291519784221794e+00
-1.553528808142863982e+00
-4.532537742246545154e-01
8.362725540024028570e-01
9.486690183291157652e-02
-1.644608140993896184e+00
8.470440271885796291e-01
-1.175925741024937299e+00
-1.332943887775881908e+00
-4.858022790145711811e-01
8.896825661158744847e-01
-1.771682855287993963e+00
1.142859915473074750e+00
-1.411700627781371509e+00
-9.029745201068588578e-01
-5.364785322333476270e-01
7.634354183967959617e-01
-3.557530501061056949e-02
-7.714775930173359830e-01
