-4.516804265272170715e-01
-9.565227755994273329e-01
-7.981375577608226246e-01
-1.267558641755044402e+00
-1.514532133743836440e+00
-1.608625456905599105e+00
-1.809895814739818753e+00
-4.909814006305944778e-01
-7.794068145243396861e-01
-8.258162056869080558e-01
-1.740683723248335646e+00
-7.825507448591135784e-01
-1.389419579075116706e+00
-1.063748938346919637e+00
-9.340893251317614610e-01
-7.175224721344877210e-01
-8.270687925429792697e-01
-1.218557231199498547e+00
1.818700885871418205e-01
-1.386172407391030426e+00
-1.185189750427754873e+00
-9.349450844401913097e-01
-5.297167715975052982e-01
-6.857004569460298793e-01
-1.174612993034709341e+00
-9.612926448147831593e-01
-1.052683305513996803e+00
-1.161754017717402165e+00
-7.923951287224895168e-01
-9.985918458174778412e-01
-1.392206432029936547e+00
-1.681846080422081169e+00
-2.080808448467958982e+00
-1.515734881427275305e+00
-1.216836201415439911e+00
-4.265150458774473741e-01
-8.621523100842783949e-01
-1.300867402173408571e+00
-1.060769337019205283e+00
-1.011949751366028494e+00
-7.286021804084528153e-01
-6.278499979475015147e-01
-1.079210992708634187e+00
-8.389602949716672420e-01
-9.890937379326366630e-01
-1.161447640714806884e+00
-7.495769534027996173e-01
-4.338094740566468266e-01
-9.529236619017344978e-01
-9.167029647779476598e-01
-6.072190286866270270e-01
-4.888861798338192122e-01
-1.177459720717557445e+00
-3.198340410781107535e-01
-1.634559370054440741e+00
-1.418294290096005827e+00
-1.533790207888304558e+00
-9.296964502744852199e-01
-3.851648700805355707e-01
-8.952330482587247396e-01
-1.083806431697716732e+00
-5.268248485351634258e-01
-8.891878323600689304e-01
-1.159752705478257262e+00
-9.364703142333884456e-01
-8.972542901135512894e-01
-1.120172156481264336e+00
-9.192289910286244314e-01
-1.042731826239409854e+00
-6.276960356762191218e-01
-9.100975852057597848e-01
-8.659126147043505473e-01
-1.799757369689513276e+00
-4.965062159719725310e-01
-1.021138178218225834e+00
-6.655947762458199746e-01
-1.577303980428659269e+00
-1.055586428394718945e+00
-1.201774846611057157e+00
-1.152483348233336535e+00
-1.458098118364459683e+00
-9.721984271159128665e-01
-1.241774211441024622e+00
-8.050785841324306080e-01
-1.211695278639632667e+00
-9.118391109825538798e-01
-4.167794680692790132e-01
-6.403263412692675738e-01
-9.813150929711274006e-01
-6.390779965847190880e-01
-6.934026480367585510e-01
-1.439183189300984100e+00
-8.395385674403434972e-01
-5.946433560077799552e-01
-1.471823056568095200e+00
-6.777890496875075277e-01
-1.031636588072410543e+00
-8.109090395944472673e-01
-9.775587992317281705e-01
-2.033269742978921713e+00
-6.268469442890122201e-01
-1.004173674802145255e+00
-1.581591483556595179e+00
-1.477304861833880212e+00
-1.182923256775491261e+00
-9.988142622715207031e-01
-3.618803760402560243e-01
-7.166964173364220869e-01
-6.501500318777018173e-01
-1.782403426218833964e+00
-4.373111010566826939e-01
-1.177050292312788571e+00
-1.783024835353638649e+00
-1.168070371364401172e+00
-1.307250717271217777e+00
-8.028117093045489261e-01
-5.229052960388699267e-01
-1.032501686679675901e+00
-1.642086725239772171e+00
-8.849530148463909951e-01
-1.326540244874101493e+00
-7.734623090262108258e-01
-1.354294556327552357e+00
-1.167006040601177297e+00
-7.199350033310274455e-01
-8.480921931219906895e-01
-7.547815159726607437e-01
-9.353259827973429141e-01
-1.521067293611686022e+00
-1.167806394372057355e+00
-1.404511052435420959e+00
-7.374723808210110754e-01
-6.939709706010113166e-01
-1.246605075915131922e+00
-1.229086083325529266e+00
-1.006338119535766795e+00
-7.225615215444400885e-01
-1.196484834556692967e+00
-7.002032829625685073e-01
-1.089663855351039157e+00
-1.578367120304470905e+00
-1.537028861610142627e+00
-8.019567468240162977e-01
-5.683406092735037163e-01
-4.783561496836951088e-01
-1.124090471993881568e+00
-1.005241595672691668e+00
-1.218188285768826651e+00
-1.203697266659200960e+00
-1.512770805587176248e+00
-7.369569616678566248e-01
-8.691173225084748433e-01
-6.538362727727006218e-01
-1.015136160234549667e+00
-1.128058835745196165e+00
-1.040227878818509311e+00
-1.127577312911804297e+00
-1.172552600868330908e+00
-7.743890021619326269e-01
-9.152166656117923793e-01
-9.809343056981434383e-01
-9.844479660556030298e-01
-1.063563514030832824e+00
-5.653949850439794478e-01
-1.233039957458156310e+00
-9.203957355165357512e-01
-1.722348901789496622e-01
-1.011375001788035632e+00
-8.723799797044667903e-01
-1.052142516655560023e+00
-1.546096732663560402e+00
-1.661164122761134454e+00
-3.956137232879051169e-01
-4.836207207784897211e-01
-1.490567278439818288e+00
-1.645874570103663670e+00
-1.281666898646190766e+00
-5.822830635716385039e-01
-9.730610317814682997e-01
-1.676487790253118781e+00
-1.263558161359641607e+00
-2.531496804334886219e-01
-1.487570296865716291e+00
-9.243053780773363703e-01
-9.169195803955653146e-01
-6.751383863918760664e-01
-7.655515663036703833e-01
-9.506070325623925399e-01
-3.600526860436887855e-01
-1.261646964339944610e+00
-7.809012484090969153e-01
-1.198668733879650672e+00
-6.275020258978420973e-01
-9.266848263781144457e-01
-9.063585429629757995e-01
-1.139817765381208714e+00
-7.098650457449878770e-01
-6.272286811586995636e-01
-9.420578463373551203e-01
-1.289729581121021429e+00
-9.454198176153724154e-01
-7.891901771058307258e-01
-1.478781548931059397e+00
-8.047419869774776746e-01
-1.069987394439072759e+00
-8.138095310652919689e-01
-1.162924656557714265e+00
-6.747969904746993208e-01
-1.481065996632204840e+00
-1.373949038931012723e+00
-1.043116791289575351e+00
-6.746547069938133578e-01
-7.729889773794231811e-01
-7.940890394590318646e-01
-1.178017572142533220e+00
-7.529807021784113985e-01
-7.816879444245636854e-01
-1.271686866006761285e+00
-1.020775015531130148e+00
-2.793460577564944591e-01
-7.107661211996902928e-01
-1.435501356707034493e+00
-8.849570915024168594e-01
-4.952891566785890820e-01
-7.133783576351150346e-01
-7.467473213346866867e-01
-1.093565667707579347e+00
-6.703701803129867853e-01
-4.449376459243489235e-01
-1.779258081473254816e+00
-1.062925475618071047e+00
-1.516165210026271915e+00
-1.364639731866356787e+00
-1.182236838305350535e+00
-4.349237097293319199e-01
-7.022647789800733342e-01
-6.479236753208241772e-01
-1.055693850050762439e+00
-1.223843764286346669e+00
-1.109956044539366582e+00
-1.339701034891326303e+00
-3.802953326078665208e-01
-6.362462926139276220e-01
-9.584204379046388222e-01
-1.018218078186640563e+00
-1.370629625245461058e+00
-1.321501831737762034e+00
-1.017977235766795996e+00
-9.826255921177902142e-01
-3.597652900813215204e-01
-1.750856569481832103e+00
-7.784726565513101493e-01
-1.094342617972967613e+00
-7.900081288257148060e-01
-9.927808459842147881e-01
-1.514290506593001240e+00
-5.586619297927222227e-01
-7.809285390969410434e-01
-1.099011650876797308e+00
4.258951667717718603e-01
-1.146751272041253822e+00
-3.333891370144788091e-01
-1.938914014068167102e-01
2.617524340451526932e-01
-5.031695512283400618e-01
-1.843254821152019440e+00
-1.108200312476985472e+00
-6.934786807067254699e-01
-8.292413840337228281e-01
-1.785314635183061327e+00
-7.128642400535258883e-01
-8.838834640058559344e-01
-9.616075336729853484e-01
-4.525348924644878590e-01
-1.237176278647640792e+00
-8.107107915403872767e-01
-6.908817613254933931e-01
-1.253153957070676672e+00
-1.005186167770167227e+00
-1.578248959253383710e+00
-1.104946358625837455e+00
-9.919700186961377675e-01
-1.148842530860608946e+00
-1.161469077232915925e+00
-9.747269137892203839e-01
-1.702351714071541844e+00
-7.247763480233944122e-01
-9.098851801962658525e-01
-9.462728820713566247e-01
-1.110761658048177836e+00
-1.289333239617693749e+00
1.701770997074469882e-02
-1.264858652904460978e+00
-5.017000702649050403e-01
-1.897953283396692559e+00
-3.089475831920420745e-01
-8.596508787098198212e-01
-4.882706666461441580e-01
-9.810253192577673698e-01
-5.557088972430109797e-01
-1.400409999483007706e+00
-6.451677519556111573e-01
-3.602355334762438188e-01
-1.572060784002872857e+00
-4.785842362656688165e-01
-1.393852531770668923e+00
-1.357485734109326492e+00
-6.225405377756505487e-01
-1.071377435345161500e+00
-1.132146776362549012e+00
-1.233352276029372474e+00
-4.448436297467305289e-01
-7.508202470505890291e-01
-1.102837851593456264e+00
-6.380321229575602882e-01
-4.652594641665874775e-01
-1.335439401178557750e+00
-1.067975707396148000e+00
-7.984920960036987481e-01
-8.782691822156297734e-01
-1.525455785797932062e+00
-4.270864106688939676e-01
-1.104282845455722750e+00
-9.817294703930027344e-01
-6.953129954445708139e-01
-4.931428886540033529e-01
-1.809458505387458338e+00
-6.821667395402215561e-01
-1.518647561316538219e+00
-9.652601599802314025e-01
-7.788995937873637310e-01
-8.791824769650685711e-01
-5.983151714830106105e-01
-5.471269403418292931e-01
-1.328209649441085771e+00
-6.534318862301562447e-01
-6.270205797018452154e-01
-1.386111684073250583e+00
-1.735849203728865975e+00
-1.495348358481876971e+00
-9.298150064756043331e-01
-1.315574256833326849e+00
-3.613458771159718808e-01
-2.797057446724303675e-01
-8.686110312254586852e-01
-5.520870390184903220e-01
-1.466311726814547800e+00
-1.388782879395267678e+00
-7.929952773529934662e-01
-6.183836769208774786e-01
-1.068117471365403803e+00
-3.719728901471064386e-01
-1.168431160647933176e+00
-1.049484482153620002e+00
-7.737692499441292115e-01
-1.435865590630031718e+00
-1.113248152710450967e+00
-2.322638306185337287e-01
-1.248476418626703888e+00
-1.416099833766708116e+00
-1.739192410958330548e+00
-6.084451531572481198e-01
-4.502157318561147425e-01
-1.235095535686318469e+00
-1.099022634260731213e+00
-8.748157920059829173e-01
-6.806298861862654093e-01
-7.455099872986497012e-01
-1.338189551144065792e+00
-1.268766504657396155e+00
-7.888970305392496440e-01
-8.814286061143213891e-01
-1.030160021911880941e+00
-1.171710148293572118e-01
-1.437082242626596118e+00
-8.512252253707508487e-01
-1.089710867478802303e+00
-6.031508821311688529e-01
-8.073618842265622986e-01
-1.556043210014470102e+00
-1.123878412154330597e+00
-9.170183494911499089e-01
-8.332560127966893715e-01
-1.107260504839075788e+00
-6.370139934260243830e-01
-1.023396944187907165e+00
-8.092862020490916297e-01
-6.336396141492175449e-01
-1.060229086957666711e+00
-8.426034457957114476e-01
-1.021058620737864908e+00
-4.699052591850533256e-01
-5.052117529910291616e-01
-1.423463497949130740e+00
-1.417662661428533699e+00
-4.460043639754568412e-01
-9.268576117953781779e-01
-5.960171397257230108e-01
-6.099485079763746764e-01
-8.947931686384673622e-01
-1.406600377853638006e+00
-1.002014567479388329e+00
-8.913626852275370327e-01
-1.137611456272096477e+00
-9.274942985481664515e-01
-1.641047704560187004e+00
-5.070608358196959653e-01
-1.076882042960956243e+00
-7.467321281339216466e-01
-1.550470758809368022e-01
-1.097336896351409630e+00
-1.900895692828104000e-01
-8.454817289236306044e-01
-1.384558163550737575e+00
-1.227387245353577017e+00
-2.771805886223356330e-01
-9.936454370178724460e-01
-9.764022550456258331e-01
-9.707438562459816955e-01
-6.640150801375618306e-01
-1.311285292298120631e+00
-3.967084143181806022e-01
-6.218018290442527407e-01
-8.617268903650983081e-01
-9.110184083250831844e-01
-1.284965114700061140e+00
-1.228212244326080338e+00
-1.211957727565183163e+00
-1.716580097206381383e+00
-1.392268550313478404e+00
-1.290115497490480045e+00
-9.896046671242032522e-01
-1.219237061890935392e+00
-5.758640211771572925e-01
-1.021038953848665720e+00
-5.799653830014039890e-01
-1.203150791031802447e+00
-1.161644960882979749e+00
-1.451565643293021290e+00
-1.025090561827613822e+00
-6.346992792842156561e-01
-9.263427951616478584e-01
-9.506778027386418861e-01
-1.426046599415788707e+00
-6.124806264807487466e-01
-7.809732408799955339e-01
-1.208712807049344917e+00
-1.504141040781696415e+00
-5.573571198232412094e-01
-1.568811086541165523e+00
-9.311774205473768440e-01
-1.670847252992251342e-01
-8.944175093959536582e-01
-1.554312787866537482e+00
-6.538635154525278548e-01
-1.417898763633290926e+00
-6.570162802967185467e-01
-1.786894281909862103e+00
-9.683427132840491947e-01
-7.619279899348299079e-01
-7.413693145666693241e-01
-6.718772162205233212e-01
-9.655951393648768422e-01
-8.479279893544662272e-01
-1.270040454597755497e+00
-4.548536855717152383e-01
-7.754518293177685706e-01
-1.064015679695722305e+00
-8.494256548003209506e-01
-1.419335841267525211e+00
-1.011048607395205634e+00
-4.946819283678517420e-01
-3.226740288744454066e-01
-1.137627924094279042e+00
-1.375664547861229714e+00
-1.668441871384676034e+00
-5.115721700272710670e-01
-1.335445206471018498e+00
-5.432374421477592641e-01
-4.417725296667909252e-01
-8.815895819343969597e-01
-6.453263924086600767e-01
-6.599103857590123967e-01
-7.142089302441378962e-01
-1.378757164505520105e+00
-1.844324934646380143e+00
-6.823451807853277984e-01
-1.087303493459262249e+00
-8.598814949850217548e-01
-1.397724065145218297e+00
-1.071340832339314320e+00
-9.226760632681368923e-01
-4.583085618981664888e-01
-5.846055847904079172e-01
-8.667049418807269978e-01
-8.888192208401392014e-01
-1.694207082047930246e+00
-1.261880117014572367e+00
-4.045140860782578951e-01
-9.389679842272462551e-01
-7.575124518723503897e-01
-3.358907938838573415e-01
-8.564628882320812764e-01
-5.983853722822480847e-01
-1.708452411327400000e+00
-4.550209686082007376e-01
-1.056791617755018287e+00
-7.758000613248464683e-01
-1.619544617183847013e+00
-1.466366087330780221e+00
-5.173306317599560833e-01
-6.323156669271762231e-01
-8.915318088819830233e-01
-1.026567883874468512e+00
-9.532673801948503556e-01
-3.508884275394312802e-01
-1.056161551052976266e+00
-1.330101824627122564e+00
-9.185874263682141105e-01
-1.743626335217753009e+00
-7.713975065751002003e-01
2.032470531757810672e-01
-7.034440926498387592e-01
-1.071964263010806384e+00
-1.209328409874689703e+00
-1.190419339722982528e+00
-7.152511819156264217e-01
-1.367345886306754688e+00
-3.521928517333486885e-01
-1.345719184186816575e+00
-1.513216224933499054e-01
-9.202738866157483821e-01
-1.485809662094944361e+00
-1.061510033912191453e+00
-6.816349724217374284e-01
-5.899637544334743744e-01
-7.656908039423960810e-01
-2.096344591592081974e-01
-1.234471374163563562e+00
-4.080976690248467875e-01
-2.622484816942072250e-01
-7.284789486577154527e-01
-1.070833087209491330e+00
-1.728172910277248508e+00
-7.516728195520638867e-01
-1.001705374188490483e+00
-1.640705668926142780e+00
-8.898219494561900866e-01
-9.483613697086731298e-01
-1.418279722568623669e+00
-7.146815467337372940e-01
-8.083974184413099673e-01
-1.100912778969587391e+00
-8.755777603342339566e-01
-7.986643808103727205e-01
-1.477801902459043415e+00
-1.501206957628830052e+00
-1.201294773029650820e+00
-1.335373316329320215e+00
-1.595428869024593688e+00
-7.756345021052214461e-01
-1.135445444067115339e+00
-4.619306692823321736e-01
-1.054006351476427739e+00
-5.171377209367982175e-01
-9.320187940118334069e-01
-1.138148060049395616e+00
-9.652622611923342699e-01
-1.049811269761383947e+00
-8.545240966165856822e-01
-8.839469880252756040e-01
-1.000609408068752648e+00
-9.901945678783858895e-01
-8.034280305341963135e-01
-1.068858011282775022e+00
-1.636938314433646013e+00
-6.996365862273022929e-01
-5.421048614792337572e-01
-4.818807301198190229e-01
-1.229756106853695297e+00
-8.158693981110141102e-01
-6.778094062405144449e-01
-1.255903605967956249e+00
-1.060106930828182081e+00
-1.294032765905639870e+00
-1.398095089608577091e+00
-5.703907984890046468e-01
-9.634451608987709692e-01
-1.272969618738984288e+00
-1.316731290445835478e+00
-1.498500704410687945e+00
-9.159859066074079736e-01
-9.873802364593892156e-01
-1.858109812280458240e+00
-8.096089247936041344e-01
-7.045757664642574580e-01
-5.155660280980642884e-01
-1.421581839855650120e+00
-1.397004357921944884e+00
-2.090175913888378201e+00
-1.280417492428198578e+00
-8.717089267498577820e-01
-9.127413663341507055e-01
-6.586634815611919214e-01
-9.770961473452367541e-01
-1.267135374156503014e+00
-1.156395208254047624e+00
-8.376325154856433253e-01
-1.055021411456837033e+00
-9.718377302124829864e-01
-1.170095772306565474e+00
-1.366826933969177427e+00
-1.215114615420982425e+00
-9.576812056347655533e-01
-1.021650282753389760e+00
-8.728601857503797135e-01
-1.036044660377755999e+00
-1.112075403367597692e+00
-1.043491831088061872e+00
-1.403769287184915671e+00
-9.228560526870470682e-01
-1.193453667357649461e+00
-1.022732324070553478e+00
-1.319269655452594669e+00
-6.006730189561062527e-01
-1.283643305757509179e+00
-1.109079919216835242e+00
-1.111145094827292734e+00
-6.681265106940703635e-01
-1.146370554437594391e+00
-9.001002513934079907e-01
-1.526597628862175648e+00
-5.481960107109786762e-01
-1.316551038548402719e+00
-1.111227851172733816e+00
-1.092605136771970242e+00
-1.554720075576343730e+00
-6.704147353375873308e-01
-1.254895486304187235e+00
-6.136892497471100327e-01
-9.548913014527775633e-01
-1.591808708431303732e+00
-8.563364656450521695e-01
-1.148911310402601194e+00
-1.398779883108472344e+00
-1.133914765859646234e+00
-3.693314594180685528e-02
-1.396201257295465403e+00
-6.879903635527107042e-01
-9.697385418452321160e-01
-1.047044808986136166e+00
-1.058400116978200689e+00
-7.174085600453643519e-01
-1.178816650618952355e+00
-9.650548333374152632e-01
-1.386726939977887874e+00
-8.854598612910635769e-01
-1.015943442125077256e+00
-6.899098941759196357e-01
-1.220209687013861899e+00
-1.113329380244560296e+00
-4.122802608026528981e-01
-1.261549197862118277e+00
-1.369096218180367419e+00
-1.434448568936149471e+00
-1.290187468719829145e+00
-6.110902302276332021e-01
-1.739437593137916682e+00
-2.285401289063119457e+00
-1.243028776913250866e+00
-2.364987089749849281e-01
-7.659163282685569341e-01
-1.171811918670322639e+00
-5.159390358662083731e-01
-4.137384491724729330e-01
-1.811622131409347247e-01
-3.107995310842650571e-01
-1.296054601490093550e+00
-1.117595240339816387e+00
-1.169466301011129028e+00
-1.160799965407953493e+00
-1.026881608711457838e+00
-7.517763847289841150e-01
-4.031030794737118228e-01
-2.099538171779141926e+00
-1.221669444911892999e+00
-1.020819694036898317e+00
-7.440064471098287724e-01
-1.536496555254423191e+00
-3.917351841238666532e-01
-7.101128620367280764e-01
-1.501273677445715160e+00
-1.485741519226808638e+00
-1.288078414433540431e+00
-8.533378376216331773e-01
-6.372787910654309496e-01
-1.143620958728843062e+00
-1.612535535928656838e+00
-1.188144937517169097e+00
-5.577852731804434638e-01
-1.434524029342581608e+00
-7.923792948850584272e-01
-1.225013939645578143e+00
-1.421695684382692226e+00
-1.877070285706797570e+00
-1.156482616838162336e+00
-6.897365319359705094e-01
-8.867075657713858750e-01
-1.089786673890051460e+00
-1.586742541277224916e+00
-7.324195894457500300e-01
-7.294560050178833244e-01
-6.436637526240778229e-01
-1.061988454872004217e+00
-9.787127873100259778e-01
-1.546764405118317143e-02
-1.467633964315756767e+00
-1.911394191602886483e+00
-1.261090275254336701e+00
-1.592568700246413949e+00
-6.530139023318599634e-01
-7.193731007633968888e-01
-9.154261287164719985e-01
-9.820695873106514151e-01
-6.934991861166780458e-01
-1.255400113820545949e+00
-1.552264967750284219e-01
-1.383565930412714806e+00
-1.274218747825790699e+00
-8.224034988746207198e-01
-7.192756972846716668e-01
-1.290680069730233415e-01
-4.202805121105779307e-02
-9.153399713566902074e-01
-1.153563319242226992e+00
-9.219490218395285375e-01
-1.346689305964467120e+00
-6.040825214854745884e-01
-4.295434122957323408e-01
-2.036508144472692905e-01
-8.982582108511683039e-01
-9.029510022000049041e-01
-9.542035835937288102e-01
-8.867077192540749886e-01
-7.791784303581572591e-01
-4.826043370416757128e-01
-1.519337687657378311e+00
-1.083034448089260859e+00
-4.620070601711470104e-01
-1.049755259152290288e+00
-9.971101562484873115e-01
-5.955997473503864548e-01
-1.030831276611113623e+00
-8.368663106064943014e-01
-9.430129997700675837e-01
-3.733266450545165149e-01
-1.770509631026611075e+00
-1.161398399631350387e+00
-7.320789150841899851e-01
-1.552002439790079347e+00
-1.282113780386627155e+00
-1.553614218690674065e+00
-1.530736765680220657e-01
-7.320937003717471470e-01
-1.214470577536199691e+00
-3.871715183290542761e-01
-1.200893910936248199e+00
-1.103216853395799335e+00
-2.085445145788652477e-01
-1.095856011168484301e+00
-1.419049467769438522e+00
-9.761283643909702823e-01
-8.450563779166078149e-01
-1.099958590419036764e+00
-7.897806592690710392e-01
-1.219322542417002220e+00
-1.078614030631344312e+00
-1.047967700703744454e+00
1.080446730972073333e-02
-5.956666026657253532e-01
-9.047052218385314148e-01
-9.263133505449993033e-01
-1.678731726688480475e+00
-1.770163100218786312e+00
-1.206009356916074582e+00
-7.249348961564899829e-01
-1.158421384496282514e+00
-1.795159562155912880e+00
-1.459363773929759134e+00
-4.180348883000198912e-01
-1.374521118335997549e+00
-1.426964646561381667e+00
-1.099135574984726249e+00
-1.091482500784404674e+00
-5.069147176157757784e-01
-1.240392333798302271e+00
-6.620446520177747374e-01
-4.478113949780482272e-01
-8.652449222753609837e-01
-7.934556905727144782e-01
-1.354650792673552484e+00
-6.038471300740451131e-01
-1.001583122968699557e+00
-1.397120632588861211e+00
-2.931121768625183366e-01
-3.696557581343243859e-01
-1.551989644165243432e+00
-6.124610416696554260e-01
-1.145721393795458676e+00
-1.105535830249604556e+00
-1.002906839468934219e+00
-1.388298457571043976e+00
-1.871318110381344768e+00
-3.701854715114527572e-01
-4.984896792925966880e-01
-1.470939663853121360e+00
-1.302062820470762938e+00
-1.161309898050178369e+00
-1.207829255203306085e+00
-1.420764925660027655e+00
-1.562054473847493297e+00
-1.021133202002045381e+00
-4.397260680196054539e-01
-1.254233689878033076e+00
-1.020326237170458006e+00
-1.750984078267104227e+00
-1.218660689189694279e+00
-1.581043638279025609e+00
-9.599333044261864067e-01
-7.267748288197340978e-01
-8.767683590402156613e-01
-1.739027130285170086e+00
-1.057271115838558373e+00
-9.451316083659563327e-01
-9.641091772681468219e-01
-6.212758394335539114e-01
-5.866935130797072961e-01
-7.337802336493095545e-01
-4.167493267643950228e-01
-9.870662870295230373e-01
-8.484143178907002092e-01
-1.012260681044503841e+00
-8.247671232689037790e-01
-1.540301708185475515e+00
-1.481216885154395424e+00
-6.982259186674411033e-02
-6.550430182770010656e-01
-7.311096334641025152e-01
-1.552618619842558001e+00
-1.167963610858836709e+00
-1.171789584927246608e+00
-7.971730342970877459e-01
-9.219835168668014669e-01
-1.052832512236431262e+00
-8.636733741383417762e-01
-8.721434956033664587e-01
-1.415094723923562725e+00
-1.114370583931761027e+00
-1.436908736042528112e+00
-1.341806999917554810e+00
-1.585093291162140261e+00
-1.026806648240306874e+00
-9.000706183330818844e-01
-1.483454312658863739e+00
-6.683934000242963691e-01
-7.874059784733735690e-01
-1.948782155454913401e-01
-9.246845030235647522e-01
-9.187084615430877177e-01
-5.014122564310037333e-01
1.422629794219854027e-02
-1.016044138218636261e+00
-1.349207681792295555e+00
-3.703033153639512243e-01
-1.152369650454888372e+00
-9.967228260670244477e-01
-9.543665339570310824e-01
-1.440954290140897820e+00
-1.130416338471435855e+00
-7.920419334918887833e-01
-1.944542190517499325e+00
-7.280199996248706285e-01
-1.022455845477130199e+00
-1.157631088628945815e+00
-1.131369449028664320e+00
-1.203712640499338127e+00
-1.195930846974725181e+00
-1.274894731734808939e+00
-3.983712034268998003e-01
-1.224861642724355715e+00
-1.481980356091560314e+00
-8.687037348398792824e-01
-1.879640492169332155e-01
-1.176650000368394178e+00
-8.568708561637963239e-01
-3.373779699516199493e-01
-6.555195279118517515e-01
-1.026360960605426698e+00
-5.077783502886903388e-01
-1.092391580231309112e+00
-1.033087171460847831e+00
-8.501139672114167434e-01
-7.454781601720679163e-01
-7.077255880569969237e-01
-1.246013560018516042e+00
-1.390333037250081283e+00
-1.044832065915246355e+00
-5.580525294923714963e-01
-1.127419573158503052e+00
-9.846141036270747993e-01
-1.618587057977035837e+00
-9.941667802264889664e-01
-9.332353620830681207e-01
-7.894212470725364694e-01
-7.535077561496585918e-01
-9.254961903181956329e-01
-1.254512396822288878e+00
-5.960851596941960651e-01
-1.189118487870126639e+00
-1.486845492521676748e+00
-1.340785419639962006e+00
-1.483343247593710057e+00
-1.910229761686754735e-01
-4.698266810746327682e-01
-1.261123037358189203e+00
-1.045652995683064246e+00
-1.582495578800353186e+00
-1.550295950797333511e+00
-5.057676547859156768e-01
-1.156423786987928359e+00
-1.039644823405657670e+00
-1.356658728650811829e+00
1.724403617404079991e-01
-9.426820624110201496e-01
-3.429137286379800864e-01
-7.684600172253800432e-01
-1.273217632701020507e+00
-1.721002567227389868e+00
-6.692528225437247569e-01
-1.230189625900820261e+00
-1.397955755648882192e+00
-2.747460807648254288e-01
-9.034331917121483091e-01
-8.927954173711547536e-01
-9.345300699495586727e-01
-5.572764296345324997e-01
-1.325424646099831794e+00
-1.157275085034193296e+00
-6.484642472468704621e-01
-2.811404419344605277e-01
-9.974249830085741841e-01
-1.054497510969924612e+00
-1.173087417944105759e+00
-1.143868466591585698e+00
-1.160541997770807132e+00
-1.258469197704186193e+00
-7.297843046820891022e-01
-1.289365469281837040e+00
-1.074235542278563438e+00
-9.645238502038249173e-01
-1.489436644501960227e+00
-8.591752365995479757e-01
-5.349224037916888719e-01
-9.747603076524415933e-01
-1.012374880121889920e+00
-1.295134198472564613e+00
-1.258104961614693096e+00
-8.271535308362027994e-01
-1.042654770741930248e+00
-1.866239229367624652e+00
-1.019036577448770631e+00
-1.287574847632189767e+00
-9.722404088121393562e-01
-9.445112691859434140e-01
-1.384043405555673845e+00
-6.001196296769240046e-01
-1.155835728354539960e+00
-4.225449830888374780e-01
-4.402711389694179411e-01
-6.892973579925369965e-01
-1.571510763918268161e+00
-1.036795864208496454e+00
-1.139363512939653544e+00
-8.097610465892217668e-01
-9.880708036627541269e-01
-1.088358359536212072e+00
-1.004958883519061486e+00
-9.722602034693265116e-01
-1.280490035222278111e+00
-1.374419325786912838e+00
-9.505515801660913144e-01
-1.096999700549140533e+00
-3.506621946704810977e-01
-1.486724796942651805e+00
-1.472458614732374826e+00
-6.658961846529733997e-01
-1.118499803222547939e-01
-9.415628662467523391e-01
-5.066208256629316509e-01
-7.875200084186788629e-01
-4.582030362627116382e-01
-1.134834711416478070e+00
-8.633560205506306540e-01
-4.714388241745937069e-01
-1.595412042671298769e+00
-1.146782585582907910e+00
-1.491056526916898495e+00
-5.592570662808479254e-01
-1.041845314303310621e+00
-8.872908535257675311e-01
-1.145048061498899150e+00
-9.733868999387190746e-01
-6.668141897878556712e-01
-1.129291224079422618e+00
-9.755149258626322206e-01
-8.207358042680128474e-01
-6.848333084834444806e-01
-6.624585197898116284e-01
-1.327735219805959321e+00
-8.791204674976071942e-01
-1.410318795286517712e+00
-7.055667624296093621e-01
-6.435032352985868842e-01
-2.720133395931849662e-01
-9.204506810444632592e-01
-7.903330304056416233e-01
-8.324649873380670639e-01
-1.185255421599600290e+00
-1.561924852510746531e+00
-7.015002497533060488e-01
-1.144297499493719394e+00
-1.145660703122895363e+00
-1.615798020233057741e+00
-1.109326947028647981e+00
-1.037904562451369417e+00
-1.112333232496101720e+00
-1.112261268594501917e+00
-1.654334060183419108e+00
-9.479973497319484910e-01
-1.527666645142302659e+00
-9.361306636315558372e-01
-1.312878009232010257e+00
-1.771560024408686651e+00
-6.570220708816565391e-01
-1.369980411738983772e+00
-9.804227115935018055e-01
-7.488439675598739242e-01
-1.002049336130401924e+00
-1.351577808308430662e+00
-1.262734476380879434e+00
2.861257349544121809e-03
-8.224416593952799115e-01
-1.354086902573058637e+00
-7.308680645320541069e-01
-6.781726691253540107e-01
-6.795092556045012611e-01
-7.388431607195425910e-01
-1.080928736532744905e+00
-9.598445534849883165e-01
-8.319777005859627650e-01
-4.377019549695694289e-01
-7.313239608423645066e-01
-1.192752938951345820e+00
-7.462918800016213883e-01
-1.465147683414963486e+00
-1.438395685429931348e+00
-1.561977719516763674e+00
-8.048501139640187318e-01
-7.918972813865450266e-01
-1.154375056447382697e+00
-1.143681765181742138e+00
-1.017720929612996317e+00
-2.015941081055234729e-01
-9.599787035797290313e-01
-1.103101615487887877e+00
-1.315943993570801718e+00
-1.031032915070942080e+00
-9.713974349308002187e-01
-2.079071023491264825e+00
-5.223724471127462188e-01
-1.570524771734352898e-01
-1.320766951156267410e+00
-9.051697906018721929e-01
-8.410787917469110253e-01
-1.063278812425592967e+00
-6.523953391406008828e-01
-8.824235343622131023e-01
-7.186346914720769252e-01
-9.936875708170670451e-01
-6.878948752715219328e-01
-1.011718232185141675e+00
-1.372640628999243662e+00
-6.161594980587907777e-01
-1.077401849898005581e+00
-1.804546089343771698e+00
-9.482844790079443253e-01
-8.465575556931961287e-01
-6.635545302686567393e-01
-1.251484666494948605e+00
-8.674741432559297527e-01
-9.477993431019092752e-01
-1.287803271114520642e+00
-6.483736785228545463e-01
-1.246664650663085183e+00
-1.587722364084189985e+00
-8.058049360456054355e-01
-4.246921575151710870e-01
-9.937708846451882572e-01
-1.750173341305909958e+00
-1.709496440939749062e+00
-7.162032567696479113e-01
-6.318064459579089132e-01
-1.216435529675936600e+00
-1.376574065155993454e+00
-3.404291229331986024e-01
-1.041860845189919393e+00
-1.076109431545104300e+00
-3.027211878660326372e-01
-6.859374634940629267e-02
-1.050707930246089994e+00
-1.428647087013949823e+00
-1.410453035324255699e+00
-7.649764049327594240e-01
-1.342954889552412601e+00
-1.307859571406778443e+00
-1.734583232300226374e+00
-6.627007143927299282e-01
-1.078762958543653117e+00
-1.469038533422227566e+00
-7.941374699122587533e-01
-1.000534823316925337e-01
-8.018036212083315961e-01
-6.151290308614538738e-01
-7.371089781888304771e-01
-9.142441078776051278e-01
-6.484928630251940440e-01
-6.388945972231337977e-01
-1.545649859052010466e+00
-4.887609828475185658e-01
-7.891169634028000202e-01
-1.350807626295685182e+00
-6.010952916105567478e-01
-1.146828988766846580e+00
-1.368352056225643487e+00
-2.388675887148550281e-01
-1.133633214668079869e+00
-8.826699728906916009e-01
-4.304027110100350217e-01
-8.456584575548258265e-01
-1.070043791546486656e+00
-5.542140898869356569e-01
-1.144134081898925182e+00
-8.382066540182288028e-01
-9.343143153639975607e-01
-1.610969253097178644e+00
-1.116592194080813227e+00
-3.818252346055293067e-01
-5.082011065558749152e-01
-1.339415786504800421e+00
-1.053777822940820563e+00
-1.036319125043198897e+00
-7.335745826861728158e-01
-1.163015087720213891e+00
-9.703495434125769536e-01
-1.024697504295118522e+00
-6.744164353884247731e-01
-8.592599397508939862e-01
-1.240921977878638005e+00
-8.388080632507620704e-01
-8.928665811554682419e-01
-8.732339786244596169e-01
-9.513417954208249760e-01
-1.135174648731252622e+00
-2.224358482104302759e+00
-1.236612753315849522e+00
-5.181178340395662385e-01
-5.953257893252368316e-01
-1.065351434667568986e+00
-4.775460825106442320e-01
-1.043695035667404181e+00
-1.264926933303030632e+00
-1.501172621973452026e+00
-1.185226010937373342e+00
-1.375969837994862166e+00
-2.350288715213801893e-01
-1.016303539073046824e+00
-7.685217306188182329e-01
-9.537873760649652199e-01
-1.095507919204361524e+00
-9.653928476533463199e-01
-1.439549923734203096e+00
-4.585959424168051246e-01
-1.425546025108991977e+00
-6.900908633403322057e-01
-8.953307676343258414e-01
-6.049674110286440420e-02
-7.393391172348955376e-01
-1.437932288808433601e+00
-1.294269542028357201e+00
-4.869514264860947961e-01
-1.393008554031113899e+00
-1.700971875302383918e+00
-1.246310996173611629e+00
-9.047370911905013857e-01
-1.609130462806847017e+00
-8.911352949594326667e-01
-6.920131840546086543e-01
-1.481133282496094550e+00
-8.488788448377014850e-01
-7.324641471131625448e-01
-5.384939470301389752e-01
-1.447775284383001404e+00
-7.623193701713517623e-01
-1.091128546512332598e+00
-2.059046261067277506e+00
-6.993409993342691866e-01
-1.193356603506732894e+00
-1.162046972372039688e+00
-1.314779898755450427e+00
-1.126280379184097624e+00
-1.348927061506963510e+00
-1.123534659744058528e+00
-5.826699796604892789e-01
-4.640234692563329766e-01
-7.332556578039307604e-01
-1.115290818727935784e+00
-1.066204369167253363e+00
-7.369331969944826755e-01
-1.085729689021888822e+00
-1.924345137751451329e+00
-6.212545524812685960e-01
-1.127304783848778635e+00
-1.395321348966877206e+00
-1.353933800246553520e+00
-3.242551020161902331e-01
-1.246715055730131860e+00
1.920363809992147175e-01
-1.680007154416775395e+00
-1.338425809871935934e+00
-1.338362028290356776e+00
-1.545693174988795882e+00
-8.106898862979842191e-01
-9.341497321360863193e-01
-1.604865900585150662e+00
-1.128271754162012419e-01
-8.139559278407338949e-01
-1.761018420415147112e+00
-1.296900673100367829e+00
-5.582595673644628054e-01
-9.568094831300610892e-01
-1.259045590975275353e+00
-1.012434960443277410e+00
-1.056364209210008287e+00
-7.404981724731577453e-01
-1.789987315233142695e+00
-8.691948966804461385e-01
-6.960234613688762728e-01
-9.853309736246415040e-01
-1.176690627830082159e+00
-9.699672320694336936e-01
-4.123340026351677290e-01
-1.158193111023688271e+00
-1.109074911118358653e+00
-3.339046554817275414e-01
-1.494440380241113253e+00
-9.839051539947279990e-01
-1.187782397576206295e+00
-8.645785528636231732e-01
-9.559602752650033786e-01
-1.224934740660072796e+00
-5.710192658814370326e-01
-7.223467079827293746e-01
-1.411034216910738159e+00
-2.217636550880496493e+00
-4.831773207460179353e-01
-2.768615763240060978e-01
-7.311121514607439309e-01
-1.133259882282492859e+00
-1.085891917501931481e+00
-6.541753629285824712e-01
-1.450091681062937621e+00
-7.738013554882414713e-01
-9.919777873330661855e-01
-1.680409352056564387e-01
-9.474071894836648688e-01
-8.997094755945403977e-01
-1.138876847981743712e+00
-1.340533691200664013e+00
-1.121264987203782315e+00
-7.635515576679996474e-01
-5.744931355612674651e-01
-1.315801687210708559e+00
-1.537645988843641121e+00
2.879156390591131043e-02
-5.870233923024583689e-01
-1.387877873688806662e+00
-1.262764208896629770e+00
-1.076415691142468711e+00
-1.312819853965748296e+00
-4.793355627796467289e-01
-1.501326717418560941e+00
-7.587033198802938250e-01
-1.409180884168164782e+00
-9.109124946892784846e-01
-1.196505247643371739e+00
-1.111722866665563636e+00
-4.918522475083524359e-01
-5.104051229245682997e-01
-6.078631626764858797e-01
-5.303735397465527690e-01
-9.390901762427887878e-01
-1.475586822773943263e+00
-9.557392134128982475e-01
-1.125375209050911263e+00
-9.078456980803487619e-01
-1.500336533700151964e+00
-1.133532905533122914e+00
-7.340320585098607520e-01
-1.249653004399149392e+00
-1.000587129930541330e+00
-5.549779676052877253e-01
-7.416285860978362177e-01
-1.403260640377299584e+00
-1.507449980925340771e+00
-9.167787960595998875e-01
-9.858744064538715879e-01
-1.234419188584821692e+00
-4.994512012241006937e-01
-1.710260164996005861e+00
-1.106859700327768481e+00
-1.667404409828919576e+00
-1.312891905691735417e+00
-6.967376158097344785e-01
-8.952672284459869401e-01
-1.027112019835187073e+00
-1.452427843115361883e+00
-1.348466202055744967e+00
-1.256468956825756766e+00
-9.967645937969726866e-01
-7.433977310822195150e-01
-1.237676648198722695e+00
-2.415248613297524827e-01
-1.001602185088536601e+00
-1.048076792519887723e+00
-1.263818827145102297e+00
-1.079586058714190777e+00
-1.086478973158811367e+00
-3.925768597112229141e-01
-6.882018105955891585e-01
-2.599834362816548783e-01
-1.358107066772967997e+00
-1.531419359422694138e+00
-3.194238699042086793e-01
-7.837972101569301575e-01
-5.688467730800809141e-01
-1.017477507290035499e+00
-1.184084337111510621e+00
-9.472895049830701852e-01
-8.377882696121969897e-01
2.294478249423927974e-01
-7.196806129872759250e-01
-1.768063343953394373e+00
-1.589479793484400716e+00
-1.764960408874183706e+00
-1.402345449720592940e+00
-5.589764212090264639e-01
-1.091435794633735412e+00
-5.817507983838774432e-01
-9.238414101264357248e-01
-1.216381920448871501e+00
-1.390216731094855440e+00
-1.133563014907328359e+00
-8.833077245986094006e-01
-1.285761052903148904e+00
-7.042758777253812497e-01
-7.673264259009020538e-01
-1.261637845263400282e+00
-1.289544590876577690e+00
-4.135166727626151673e-01
-8.318345896408723128e-01
-6.264122065036099585e-01
-3.830025716287913662e-01
-9.666199014908551934e-01
-6.021802676484598882e-01
-8.153666029032541340e-01
-1.025602613474792646e+00
-1.013668908237285837e+00
-6.804111796625016417e-01
-1.073122924156649338e+00
-6.773765104179891861e-01
-9.558558751145322940e-01
-1.957729997384431986e+00
-7.482994685524336775e-01
-1.111937526584167779e+00
-1.537626670026166487e-01
-6.847204618031415002e-01
-1.596150110450851756e+00
-9.493045670681155013e-01
-1.750100872348189895e+00
-7.771338923905801721e-01
-7.387959259337797402e-01
-2.032319104937330145e+00
-1.865904997170755752e+00
-1.190208175487543762e+00
-1.363886072166903052e+00
-5.622071490377472669e-01
-3.653701857840694345e-01
-1.282249148668312078e+00
-1.430332250987659926e+00
-8.157047166946649330e-01
-1.200182167946476142e+00
-1.127205163388750542e+00
-7.770725840171708310e-01
-1.216172052650382751e+00
-1.034309737905638515e+00
-9.593363389425583199e-01
-6.450757617316058568e-01
-9.123524783687377848e-01
-1.156826740796849773e+00
-6.825607999891418753e-01
-5.371650719512706118e-01
-8.696799961212186014e-01
-9.708495361393781886e-01
-2.618408478657987537e-01
-2.519318500799010430e-01
-1.078320790885641589e+00
-8.708627099423562612e-01
-1.326862405745681484e+00
-9.432702286721366125e-01
-1.343582981901325635e+00
-1.211876401789201418e+00
-8.963800221788450484e-01
-5.065958186233776583e-01
-1.993859874789740694e-01
-8.966613997581716067e-01
-1.278534489300101384e+00
-7.109775223234177099e-01
-9.644919315615162470e-01
-9.910529631724502853e-01
-8.791066433220140475e-02
-9.517757661270256353e-01
-1.522303971649714427e+00
-9.487350258301597838e-01
-1.397620710441273228e+00
-9.503538204590358252e-01
-1.249565248602498624e+00
-1.267533672578883941e+00
-1.141418690315314510e+00
-9.397654383923123023e-01
-1.069488262920523791e+00
-9.089558133301676168e-01
-5.667771900345450753e-01
-3.909369746693176495e-01
-8.214139341145907380e-01
-3.244385330802521672e-01
-5.952357008600672739e-01
-1.440948696613148172e+00
-8.890426745076536186e-01
-8.416110557863769603e-01
-2.040703495299234227e+00
-1.454094666336443797e+00
-6.487822889821257544e-01
-1.968152059836656420e+00
-1.124645309748620203e+00
-9.353313262808923279e-01
-1.374267346013454683e+00
-1.166444626840497545e+00
-7.298530016417119626e-01
-1.183596445401843944e+00
-1.287528841348928532e+00
-4.745333987987623292e-01
-6.976006299647334874e-01
-1.349220028442223107e+00
-1.315992918759753216e+00
-1.163981711428677013e+00
-5.586110837989621825e-01
-1.483473508375727556e+00
-9.361110904966303270e-01
-1.106534034059114324e+00
-1.434424417010721209e+00
-1.559372709613563668e+00
-2.048900232218366035e+00
-2.192269021221023184e+00
-9.680318549236098802e-01
-1.426611469871940541e+00
-8.591858254490082336e-01
-6.579021223362013782e-01
-1.025501095731336854e+00
-1.139351456716058530e+00
-1.405759151344004199e+00
-7.529493921061951589e-01
-9.238304054596697679e-01
-9.512828940082155293e-01
-1.385907113931028167e+00
-1.309793465446236871e+00
-1.083313126180448061e+00
-1.180367327081049966e+00
-7.954249685708693063e-01
-1.291726793354528002e+00
-8.047875961498717201e-01
-1.112996689272158557e+00
-7.691544688847637978e-01
-1.475392478490213710e+00
-7.806736718276905407e-01
-6.379543402681999709e-01
-6.191654924774405711e-01
-1.233256235662786526e+00
-3.108644714037155365e-01
-9.565783372818806862e-01
-3.027828288048465266e-01
-3.988017243295309822e-01
-1.070328193875308864e+00
-1.029500903437029269e+00
-8.469773583856770038e-01
-1.127994401960836779e+00
-1.426271087543014904e+00
-1.144329286828333014e+00
-8.387043560037334977e-01
-7.287762084333477830e-01
-1.171643843762311787e+00
-9.580847724733611015e-01
-1.583654267763648926e+00
-9.045159970367034896e-01
-7.124517788348252445e-01
-3.771538282290891608e-01
-1.040559713875126802e+00
-1.373770850160493495e+00
-1.145418498335184720e+00
-1.567812622220522645e+00
-1.622552659522089380e+00
-6.699575852939894105e-01
-6.920694027940756943e-01
-6.507198119365149580e-01
-9.331754139637136181e-01
-1.122835962038678304e+00
-1.304075142825058542e+00
-1.437627611537196870e+00
-6.439902115349318557e-01
-1.043090970902981640e+00
-1.148579299180502167e+00
-1.073632129715007322e+00
-3.573428150313175955e-01
-6.439092514869145800e-01
-1.025170019427503521e+00
-1.310442730904618935e+00
-9.284223385609937651e-01
-9.379244012764881289e-01
-4.270840956611893224e-01
-1.392188247690908653e+00
-8.925712547790970453e-01
-6.733201325939885962e-01
-9.031131471622327878e-01
-1.224669158088117715e+00
-8.784557679132183328e-01
-1.573023475946724759e+00
-8.993803058327884958e-01
-1.134571236675811612e+00
-6.817494565904966830e-01
-1.127113446230759042e+00
-1.152222882217725175e+00
-1.459234757391278059e+00
-9.734226912102021956e-01
-1.092593571139270914e+00
-1.032231188766101537e+00
-1.588700726655777995e+00
-8.661736923413438927e-01
-1.339067900027391733e+00
-1.093678768764751785e+00
-1.524720042731413372e+00
-1.118432931823545973e+00
-1.741050392332482932e+00
-7.271712007080882723e-01
-1.326534240543131959e+00
-4.079643627364157865e-01
-1.332286058860726374e+00
-1.066374597675770808e+00
-9.110039647965055831e-01
-1.195986078213289616e+00
-1.691001505622989676e+00
-1.113782618861392182e+00
-9.977239910632856867e-01
-1.138635598065338428e+00
-3.972455111414158191e-01
-1.502188210090417586e+00
-8.693906347979579730e-01
-1.344322607011235737e+00
-1.806624892255531911e+00
-1.399197079589728610e+00
-1.167502398013230192e+00
-2.987346450870518311e-01
-7.636384108333992282e-01
-6.845401387906744350e-01
-1.279510153080732016e+00
-5.409913444833482910e-01
-1.491670483786970092e+00
-1.065855644959233572e+00
-5.781616957419827285e-01
-1.554839130766920707e+00
-5.925713231296481087e-01
-1.147054296485082059e+00
-1.230268834903361252e+00
-9.546548915273211922e-01
-1.440129659308584609e+00
-1.927003279893245047e+00
-1.287807804941912604e+00
-9.514137022126490928e-01
-1.178520551738830857e+00
-8.973587753352267882e-01
-9.456278998642675404e-01
-9.850779183959718077e-01
-4.429910210274354831e-01
-1.034783611517603230e+00
-1.598949582977873707e+00
-2.781690001443688498e-01
-9.022271654070442848e-01
-4.617168837826599592e-01
-1.375010161755426896e+00
-9.291751568796750016e-01
-7.647710218579738539e-01
-1.107427688526379628e+00
-3.930308901240788799e-01
-5.269067666074471745e-01
-1.296631246746157595e+00
-1.419852076152716247e+00
-7.880573180124856858e-01
-7.704670480105710872e-01
-1.220692806709497091e+00
-1.133664791331849164e+00
-9.842223566074848051e-01
-1.082092978317562348e+00
-1.423164010032497373e+00
-1.111205894798452665e+00
-1.273060684151289923e+00
-4.429581645812145085e-01
-8.403772896795833613e-01
-1.471621042683577629e+00
-7.175196597447957014e-01
-1.466504571210430985e+00
-5.964843738966183473e-01
-1.279307408834748916e+00
-1.289571866959666302e+00
-7.840419849859272539e-01
-6.623831881433800417e-01
-1.822630657286475220e+00
-6.663263778945124338e-01
-6.385286428359204791e-01
-6.969545083038717337e-01
-7.255215509098382753e-01
-9.465185810531032695e-01
-1.234245065157743015e+00
-1.018267590044283910e+00
-4.471677603656013522e-01
-9.226856394245889215e-01
-1.300146536744087866e+00
-5.542350373391478069e-01
-9.634188421042962913e-01
-8.427404931593031057e-01
-7.347382059956968359e-01
-8.932505067318314840e-01
-1.478240312376284615e+00
-9.977943226159758927e-01
-6.384738910805758394e-01
-8.192161183576522898e-01
-1.189766100090736245e+00
-1.405919241914912687e+00
-1.447745265012202465e+00
-1.113403837623048176e-01
-9.216139626449055822e-01
-7.490756192784564504e-01
-6.158892520363359324e-01
-8.865844106852504014e-01
-1.028547031476726659e+00
-1.451662871278965206e+00
-1.204396030120535199e+00
-9.175421812688605572e-01
-1.545014645264394915e+00
-3.675711560067889128e-01
-1.243794758250921006e+00
-1.335836237031429619e+00
-5.827837379544491547e-01
-4.949134688195159226e-01
-7.663782859250973800e-01
-1.104494625127511176e+00
-1.547184312584894306e+00
-1.084882932533742128e+00
-8.082526760186342640e-01
-3.949327513412889124e-01
-1.258067800540513037e+00
-8.396987414440553188e-01
-9.960616160125421725e-01
-1.248528549442422309e+00
-1.387645456289977819e+00
-9.219593572716657803e-01
-2.784888054810128466e-01
-7.915332864732793627e-01
-9.328908571530694083e-01
-8.024904734406107520e-01
-6.569305293922820255e-01
-8.990239975353788715e-01
-9.578129771183943042e-01
-1.919788397269925007e+00
-1.260953992809348945e+00
-9.494185847412084378e-01
-7.279063074493257179e-01
-1.024710507171118445e+00
-1.285140768144728884e+00
-1.215444363547151685e+00
-1.355866619276488994e+00
-1.008405411553535913e+00
-1.558120528329448806e+00
-4.764348363654736795e-01
-3.613621498547892052e-01
-7.646249658461249377e-01
-2.006470461525057924e+00
-1.215388176937024056e+00
-1.027879188855457260e+00
-7.366133110757830949e-01
-1.197497403438461783e+00
-6.270340961395859392e-01
-1.027792792153275236e+00
-1.555998085375611684e+00
-6.499510850952463503e-01
-5.796660160600375367e-01
-1.183232550883169365e+00
-4.661346779651457384e-01
-6.513564485028605633e-01
-6.138193062095014252e-01
-1.396531181691588630e+00
-9.191553948422337417e-01
-1.221108187251885857e+00
-1.000340991901432774e+00
-6.758780752332624875e-01
-8.638518670642267860e-01
-6.525925086231775252e-01
-8.465760372523692956e-01
-7.296659360987733933e-01
-9.009270883847432243e-01
-1.295549493489875470e+00
-8.850662254219223701e-01
7.760237755778609525e-03
-1.658536350549288496e+00
-7.139286005209941610e-01
-6.394791721011090502e-01
-2.705568350185786342e-01
-1.115212946991233522e+00
-6.254527505164413359e-01
-4.847576638618337208e-01
-7.076659641857323546e-01
-9.393286082922387425e-01
-9.801830742893028470e-01
-8.828612390408039357e-01
-1.222587260805829912e+00
-3.692078102439468879e-01
-1.143037968237233137e+00
-9.264356318598022666e-01
-1.003693602761235759e+00
-1.621593115616659642e+00
-1.057301757041916535e+00
-1.462706723397401598e+00
-1.316986977094137368e+00
-6.106630343852739173e-01
-4.301263246214325209e-01
-6.371739695584156538e-01
-1.223908024659582594e+00
-1.384177785288381868e+00
-1.305651489931690001e+00
-7.568486036668122807e-01
-1.112420837210825075e+00
-1.008763255730175334e+00
-6.874718238153081362e-01
-1.662087806540772483e+00
-7.731103741028879650e-01
-5.520764330760408178e-01
-8.760984157751396939e-01
-5.765160916028289062e-01
-7.558918877245404122e-01
-1.078734047895350656e+00
-3.191983959775789303e-01
-9.267882717749176269e-01
-9.868156357480128982e-01
-1.282171491232959815e+00
-6.904405115399435688e-01
-8.469080655069842756e-01
-1.330995658552643235e+00
-1.039844682480759674e+00
-1.169054934721005967e+00
-1.112330009837929845e+00
-7.712764294183205305e-01
-1.537799722079181697e+00
-1.028486542339277054e+00
-1.012763465987865930e+00
-5.983854921386677628e-01
-1.282203743083545566e+00
-1.137394819677604696e+00
-6.366383223087284104e-01
-1.217350173625387111e+00
-1.224076688483998421e+00
-6.629823616642822603e-01
-1.015076797129471853e+00
-1.089035330027032566e+00
-7.485581286112964472e-01
-8.380718084519847011e-01
-1.771553216838099853e+00
-1.902891126766387275e-01
-8.402401695016652461e-01
-1.272003903224005361e+00
-4.559118653145192157e-01
-8.505832055935580449e-02
-1.425352429803295351e+00
-1.283761895009821519e+00
-8.903283493292493134e-01
-1.273789983404451043e+00
-8.749984083021061787e-01
-1.000852758909538176e+00
-1.040629422363015699e+00
-9.559633412453327761e-01
-7.756427642240041331e-01
-8.353118757218661594e-01
-1.867904300902626158e+00
-8.493594575959931836e-01
-1.325555994740042376e+00
-1.163645867230681752e+00
-9.357036931461699680e-01
-1.765586075723489357e+00
-1.439401649578051945e+00
-5.907222168665855477e-01
-1.114283352683759665e+00
-1.166424926049926647e+00
-1.295415525368681209e+00
-1.087534429112821721e+00
-9.993263802447031052e-01
-1.259412699290911153e+00
-1.380696692373991175e+00
-1.555117403552641608e+00
-5.179830519884620621e-01
-1.035555219099143720e+00
-1.854113677267319460e+00
-7.975481035994116397e-01
-1.257361457249172698e+00
-1.172546704601158840e+00
-7.566829801260137600e-01
-1.590626876846277682e+00
-1.157176407181947919e+00
-1.006141548204337433e+00
-1.646625301622474780e+00
-5.753467337869533349e-01
-8.699037713257249393e-01
-1.233863427639297683e+00
-1.198452983739621391e+00
-6.578414552451745667e-01
-1.171508896889096318e+00
-9.245808222340951010e-01
-1.620919695921646309e+00
-7.398547555643595341e-01
-6.739522129912264292e-01
3.108857532888540387e-01
-1.064040911778106668e+00
-1.750734032570910204e+00
-8.667081915738406028e-01
-2.260416228762306190e+00
3.754315648661561422e-01
-6.605288367075528022e-01
-1.036425429167596945e+00
-1.295887383457906772e+00
-8.746425289966351935e-01
-8.052865111865918912e-01
-1.460961697505401391e+00
-6.963775306989383740e-01
-1.713368124318302765e+00
-1.024788386351315639e+00
-9.535196617883084924e-01
-1.222574137607762790e+00
-3.075379716714128353e-01
-9.013810544812470571e-01
-4.600020458187159544e-01
-7.009614806051718272e-01
-9.835498861567217865e-01
-8.550492599577839137e-01
-8.191770920745126139e-01
-1.014202755045328974e+00
-1.577086289352153781e+00
-1.072517362673890418e-01
-5.668851797078335863e-01
-1.152950819883452382e+00
-7.292401839808049235e-01
-7.190168215319884260e-01
-2.250351451771794853e-01
-1.586635325571724486e+00
-1.488430697322781215e+00
-1.323363808861502733e+00
-6.111053374135633209e-01
-8.010522057692448517e-01
-1.039315368486069868e+00
-6.151117150101250708e-01
-1.329667558550971407e+00
-1.488981224035976547e+00
-1.580781838904947278e+00
-1.016676704099137352e+00
-6.223416549225082584e-01
-6.567901478820288297e-01
-7.436525865917502642e-01
-7.960091397325642637e-01
-8.200270598765699859e-01
-1.096621993332253409e+00
-1.011011404725704832e+00
-5.575489941016343876e-01
-6.492687886803304442e-01
-9.687686940465242147e-01
-1.393219107438132376e+00
-4.154979465253886284e-01
-1.734372891439638131e+00
-1.611079338222345836e+00
-1.589752026297990728e+00
-9.472919077191052084e-01
-4.915471820364342159e-01
-1.437770511676263130e+00
-6.078886051276835012e-01
-1.116762332982529360e+00
-1.682828853351260978e+00
-7.884714116593219968e-01
-2.834756229013817297e-01
-1.255673305483591351e+00
-7.641696809502922516e-01
-8.332059128129920555e-02
-1.415117146529373038e+00
-8.492028597147488478e-01
-8.568623559623256281e-01
-7.348249323942862565e-01
-4.704873243098421920e-01
-7.971695798682740808e-01
-1.149253581008805147e+00
-1.009004703846012596e-01
-1.065376358101385312e-01
-9.025540229659365643e-01
-1.065889581101208128e+00
-9.582302605485975011e-01
-2.161060096408565778e-01
-1.381058008262351811e+00
-7.914812370302743982e-01
-6.108242584257742580e-01
-1.330533942889435384e+00
-1.370258850858243616e+00
-1.027180037422748216e+00
-1.662293722834295551e+00
-1.816963157766300130e+00
-1.122700140242270939e+00
-1.134814231837420806e+00
-1.383856496724469087e+00
-1.031500165135579072e+00
-4.138374162267381973e-01
-7.962544952364174478e-01
-3.942150295540827187e-01
-3.508433254399037082e-01
-6.793018263393100220e-01
-1.539069863268583749e+00
-1.715465985662450565e+00
-6.204842885552785958e-01
-6.750156020276631974e-01
-1.346212545103185443e+00
-1.143600102413316000e+00
-1.245349354281678700e+00
-5.948598010005337056e-01
-1.193271591190675940e+00
-1.202672140678547219e+00
-8.678840326649093218e-01
-1.373187596941404687e+00
-1.111091843336684315e+00
-7.150885622926175245e-01
-5.801262811188077073e-01
-1.168313340172653536e+00
-1.677126735523408296e+00
-1.749887557972366059e-01
-8.081142097222743237e-01
-8.875922390922176275e-01
-1.118431712252404120e+00
-1.229654082589837660e+00
-1.518741098823344293e+00
-6.874357550532621541e-01
-5.325333824502334057e-01
-7.789980032322003645e-01
-1.031800457500937407e+00
-9.282432132419096149e-01
-1.262844690855078555e+00
-1.135321172379648802e+00
-7.004647165092012795e-01
-1.529608508047293647e+00
-1.442269907431427356e+00
-1.162943205960526472e+00
-7.347034186422374269e-01
-1.007410451686651998e+00
-1.565524772120593600e+00
-5.516874419886717007e-01
-6.028080830033005766e-01
-9.830587570011122267e-01
-4.088296488740853496e-01
-1.088723210477465120e+00
-1.108565696085447749e+00
-8.681147013028498449e-01
-9.897373810613883105e-01
-5.708064478955108267e-01
