4.483897441336117118e-01
3.305691801653168893e-01
2.385707999261788281e-01
2.085746572471361748e+00
7.642975487327784423e-01
7.826242129949784188e-01
8.718806315830150699e-02
2.351866160115957671e-01
2.621491169407140776e-01
1.894088589823119895e+00
4.224241740919316257e+00
2.183181464722705911e+00
3.697781932371662084e-01
2.930094543426023379e-01
6.073758687886557928e-01
2.727938514024042860e+00
3.235329838153478410e-01
2.940067661144714073e+00
9.156857948759924426e-01
1.080567110604522041e+00
1.539499400428625764e+00
1.483518965157017089e+00
1.967466216819269587e+00
2.156508745743830335e+00
1.106832565124075796e+00
9.264423666078528408e-01
1.323367696355738587e+00
9.729778577315387755e-01
1.476206474668960711e+00
1.593623699332514798e+00
2.121935225655208423e+00
9.308219310399964419e-01
5.063669547155830175e-01
3.900199398037169640e-01
2.478033530315087718e-01
2.600388837876400627e-01
1.462995192952718293e+00
5.033238529213320822e-01
9.570430003916980954e-01
5.151206856743328899e-01
5.740953599167856192e-01
2.198420173585932114e-01
1.161617512429818644e-01
2.324377017900224107e+00
6.540122547559173993e-01
4.525725460566846214e-01
3.215956747933179094e-01
1.201115672995503258e+00
2.176852944782609600e-01
1.004596483888534397e+00
1.289386451184628024e+00
1.458310832649913458e+00
3.826328498702455394e-01
2.444198380811802573e-01
4.939735080853492888e-01
6.568969173475373013e-01
4.953061419158642842e+00
8.248997220497494842e-01
5.711239793895913630e-01
2.152287850706279482e+00
9.330285850193131836e-01
1.356791424830136705e+00
1.611625648330080818e+00
8.611171574211462509e-01
1.788990077082682539e+00
1.079079479470123948e+00
6.872850033687774030e-01
1.052313870384009364e+00
1.105368453881741209e+00
2.137705123536664420e+00
1.218504913427982617e+00
1.525184677470074746e-01
7.530086016144903471e-01
3.276301997204828509e-01
8.854173815224949395e-01
3.954237499260428446e-01
8.374001248564265643e-01
8.149316367352029689e-01
2.607851273626312416e+00
6.399070347866453456e-01
7.324624828641015939e-02
4.475474437483749346e-02
9.084742526390554573e-01
1.896339005870878891e+00
1.908570945483963610e-01
2.236582707302161022e-01
1.440611764843904574e-01
1.056188739741619420e+00
9.341731785644246111e-01
6.804004023763199349e-02
4.791175375660822189e-01
3.453377244511831035e-01
6.223902961555839441e-01
2.977556806413658164e-01
8.435345477086475530e-01
3.785718867858085535e-01
8.639516348547077174e-01
7.329573254619096145e-01
7.123158748739341073e-01
3.610334119739451730e-01
5.224215894375084934e-01
1.079758060470398906e+00
5.109532667885021695e+00
1.611002298080734141e+00
1.916130650021968584e+00
1.532425403326706181e+00
7.344807558677646231e-01
1.076761646596254174e+00
4.237331761885113623e-01
1.396158279241876521e+00
1.535243445666222062e+00
1.863286004635397175e+00
4.171586155480842550e-01
4.830964048030023106e-01
1.429790675695063573e+00
4.834399249471493243e-01
7.284668826116986740e-01
1.999424142068930571e-02
1.256849549545392408e+00
1.625387946813574125e+00
1.200756951773179620e-01
4.505195340702397577e-01
2.912290401191688360e+00
3.862262089520852038e-01
9.661928654282647688e-01
4.589324600857501435e-02
3.775804994698764294e-01
5.197429556163457587e-02
1.613303806465539725e-01
1.728602157308161968e-01
9.316852329723342152e-02
1.606744626558789524e-01
1.237546534502986378e-01
1.414005175712249041e-02
4.207324994629713794e-02
1.614883340303896464e-01
1.548730849775228624e-01
1.938873366949680488e-01
3.430477120202587438e-01
3.787993600647424630e-01
4.315739443280378757e-02
1.045489986923883868e-01
5.754968030768198295e-01
2.382576562592237102e-01
8.608629591865200881e-02
7.952290881898130270e-02
1.272150622514773566e-01
3.319663739752808096e-02
7.507075612329692227e-01
7.089426444726812035e-03
5.274512142697072026e-01
1.218858755804218263e-01
9.392774917297379289e-02
7.692957001235753434e-02
2.418929715299197869e-01
2.824874905169593234e-02
9.020494910354367457e-01
5.170837265720210629e-01
5.727577680957214416e-03
1.142259756053780190e-01
6.636263206460772668e-02
1.517926624221771492e-01
1.336948031241415591e-01
9.429128326464361609e-02
2.798340692315620104e-01
4.995405854540147655e-02
2.321209104578690618e-01
1.332871163495077393e-01
3.606015388944704744e-03
1.278575945793688773e-01
1.264004584880936144e-01
6.816981619214629307e-02
5.236902102501164030e-02
1.685435265596067073e-02
1.128933362484290936e-01
2.035240500778422168e-01
3.722262409961700214e-01
3.234748125766455096e-01
8.244699311471865091e-03
7.509508417823014259e-01
2.960061033716549633e-02
8.829164287162975799e-02
9.141202061533756917e-02
2.518232548269003779e-01
1.491223824819173371e-01
1.216391258302083195e-02
1.050191993464654611e-01
4.026554579332297656e-01
2.777548026664751132e-02
7.285029925750733173e-03
2.630316780454675096e-02
7.808819659154490889e-02
3.714638297743475676e-02
5.779785898847407122e-01
1.930655496767715862e-01
3.759905716522525254e-01
2.180680137819616671e-01
4.952219260973169668e-01
4.044906956950892196e-01
1.920670383624958205e-02
